# callgrind format
version: 1
creator: callgrind-3.18.1
pid: 8590
cmd:  ./analisi aeroports.csv fitxer_petit.csv
part: 1


desc: I1 cache: 
desc: D1 cache: 
desc: LL cache: 

desc: Timerange: Basic block 0 - 29825162
desc: Trigger: Program termination

positions: line
events: Ir
summary: 156341250


ob=(3) /usr/lib/x86_64-linux-gnu/libc.so.6
fl=(177) ./io/../sysdeps/unix/sysv/linux/fstatat64.c
fn=(640) fstatat
153 6
-55 6
+70 9
+1 3

fl=(165) ./string/../sysdeps/x86_64/multiarch/memset-vec-unaligned-erms.S
fn=(584) __memset_avx2_unaligned_erms
181 303
+1 909
+5 303
+1 303
+1 303
+1 303
+14 1
+1 1
+2 2
+52 303
+1 303
+23 303
+1 303
+5 303
+3 303
+1 303
+3 302
+1 302
+13 302
+1 302
+2 302
+3 302
+3 302
+3 302
+1 302
+1 302
+1 302
+1 302
+1 302
+1 302
-6 2108
+1 2108
+1 2108
+1 2108
+1 2108
+1 2108
+1 2410
+3 302
+1 302
+1 302
+1 302
+3 604

fl=(176) ./io/../sysdeps/unix/sysv/linux/fstat64.c
fn=(638) fstat
29 6
+1 6
+5 9
cfi=(177)
cfn=(640)
calls=3 153 
* 24

fl=(91) ./string/../sysdeps/x86_64/multiarch/memcpy.c
fn=(312) memcpy@@GLIBC_2.14
29 1
fi=(92) ./string/../sysdeps/x86_64/multiarch/ifunc-memmove.h
+24 3
-1 2
+4 3
+14 2
+2 2
+8 2
+8 2
+2 5
fe=(91)

fl=(103) ./string/../sysdeps/x86_64/multiarch/strncmp.c
fn=(342) strncmp
66 1
-25 4
+1 3
+2 2
+5 3
+3 3
+14 1

fl=(113) ./string/../sysdeps/x86_64/multiarch/memrchr.c
fn=(364) memrchr
29 1
fi=(83) ./string/../sysdeps/x86_64/multiarch/ifunc-avx2.h
+4 5
-1 2
+2 3
+2 2
+4 3
+3 4
fe=(113)
-14 1

fl=(125) ./string/../sysdeps/x86_64/multiarch/mempcpy.c
fn=(400) mempcpy
33 1
fi=(92)
+20 3
-1 2
+4 3
+14 2
+2 2
+8 2
+8 2
+2 5
fe=(125)

fl=(163) ./misc/./misc/sbrk.c
fn=(572) sbrk
37 8
+6 4
-6 4
+3 4
-3 8
+3 4
+3 4
+20 1
+15 20
-20 8
+1 2
cfi=(164) ./misc/../sysdeps/unix/sysv/linux/brk.c
cfn=(574) brk
calls=1 -24 
* 9
* 2
+4 1
-1 8
+4 12
+8 3
cfi=(164)
cfn=(574)
calls=3 -39 
* 27
* 6

fl=(138) ./ctype/./ctype/ctype-info.c
fn=(444) __ctype_init
29 1
+2 7
+2 4
+2 4
+1 1

fl=(114) ./string/../sysdeps/x86_64/multiarch/strchrnul.c
fn=(368) strchrnul
31 1
fi=(83)
+2 5
-1 2
+2 3
+2 2
+4 3
+3 4
fe=(114)
-12 1

fl=(167) ./libio/./libio/genops.c
fn=(628) _IO_default_uflow
361 472
fi=(181) ./libio/./libio/libioP.h
940 472
fe=(167)
361 236
fi=(181)
940 236
fe=(167)
361 472
+1 236
fi=(181)
942 472
+1 472
fe=(167)
362 472
cfi=(168) ./libio/./libio/fileops.c
cfn=(630) _IO_file_underflow@@GLIBC_2.2.5
calls=236 +99 
* 23993
+1 472
+2 940
+1 944

fn=(836) _IO_flush_all_lockp
686 12
+5 6
cfi=(169) ./nptl/./nptl/libc-cleanup.c
cfn=(602) __libc_cleanup_push_defer
calls=1 24 
* 10
+1 9
+3 1
-8 1
+5 2
+3 2
fi=(181)
940 4
fe=(167)
709 6
+2 3
-16 9
+2 3
+1 6
+3 21
+14 9
+1 2
cfi=(169)
cfn=(604) __libc_cleanup_pop_restore
calls=1 39 
* 8
+4 12

fn=(596) _IO_old_init
531 2
+3 2
-2 2
+2 2
+5 2
-7 2
+2 2
+10 2
-10 2
+16 2
-11 2
-5 2
+16 2
-16 2
+21 2
-16 10
+16 4
+1 4
+2 2

fn=(626) __uflow
299 1180
+1 708
+5 708
+3 236
173 236
308 472
+2 472
+6 472
+7 236
fi=(181)
940 708
+2 472
+1 472
fe=(167)
323 236
+1 236
-1 236
+1 472
-1 236
cfn=(628)
calls=236 +38 
* 29889
-23 472
+21 708

fn=(692) _IO_default_finish
601 6
+2 6
+6 6
+3 6
54 4
624 4

fn=(844) _IO_default_setbuf
452 2
fi=(181)
940 1
fe=(167)
452 2
fi=(181)
940 1
fe=(167)
452 1
fi=(181)
940 1
fe=(167)
452 4
+1 1
fi=(181)
942 2
+1 2
fe=(167)
453 2
cfi=(168)
cfn=(846) _IO_file_sync@@GLIBC_2.2.5
calls=1 792 
* 18
* 2
+4 1
330 1
462 1
-7 2
332 2
+5 1
-5 1
+5 1
467 1
332 1
466 4
+2 6
-11 1
+1 2
-1 1
330 4

fn=(674) _IO_unsave_markers
960 4
+2 2
-2 2
+2 2
+5 6
+2 4

fn=(834) _IO_cleanup
863 2
+3 1
-3 9
-77 1
+80 1
cfn=(836)
calls=1 686 
* 126
-80 2
+80 1
-80 3
cfi=(169)
cfn=(602)
calls=1 24 
* 10
+1 9
+3 1
-3 2
+3 2
fi=(181)
940 4
fe=(167)
838 3
-48 9
+9 9
+2 6
+6 13
+8 5
+9 1
fi=(181)
942 2
+1 2
fe=(167)
824 4
cfi=(168)
cfn=(842) _IO_file_setbuf@@GLIBC_2.2.5
calls=1 381 
* 83
+2 3
+4 5
+1 8
+11 9
+1 2
cfi=(169)
cfn=(604)
calls=1 39 
* 8
+35 12
-59 1
-2 1
+3 1
-3 1
+2 3

fn=(642) _IO_setb
329 45
+1 24
+5 10
-3 5
+3 20
+3 22
-7 2
cob=(2) ???
cfi=(51) ???
cfn=(680) 0x000000000487a370
calls=2 0 
* 236
+4 6

fn=(644) _IO_switch_to_get_mode
164 1180
+1 708
+3 708
+4 472
+1 472
+7 236
-4 236
+4 236
-2 472
+3 236
+1 944

fn=(722) _IO_default_xsputn
371 1
+3 2
-3 8
fi=(181)
940 1
fe=(167)
371 1
fi=(181)
940 1
fe=(167)
371 1
fi=(181)
940 1
fe=(167)
371 2
+28 26
fi=(181)
942 16
+1 16
fe=(167)
399 32
cfi=(168)
cfn=(718) _IO_file_overflow@@GLIBC_2.2.5
calls=8 731 
* 272
* 16
+2 8
-22 44
+25 1
-29 1
+29 7

fn=(632) _IO_doallocbuf
343 3
+1 6
-1 9
+3 12
+1 3
fi=(181)
940 9
+2 6
+1 6
fe=(167)
347 6
cfi=(175) ./libio/./libio/filedoalloc.c
cfn=(634) _IO_file_doallocate
calls=3 78 
* 859
* 6
+3 12

fn=(668) _IO_un_link
53 4
+1 8
+28 4
cfn=(670) __GI__IO_un_link.part.0
calls=2 -30 
* 208

fn=(670)
52 4
+7 2
-7 14
+6 12
cfi=(169)
cfn=(602)
calls=2 -34 
* 20
+1 18
+2 2
-1 2
-1 4
+2 20
+13 2
-13 2
+2 2
+13 2
-15 4
+15 2
-13 4
+3 2
-1 4
+1 2
+8 4
+2 22
+2 4
-1 2
+1 14
+1 4
cfi=(169)
cfn=(604)
calls=2 -40 
* 16
+3 18

fn=(600) _IO_link_in
87 28
+1 4
-1 12
+1 12
+18 40
-16 2
+2 6
-2 2
+2 2
+1 2
-1 6
cfi=(169)
cfn=(602)
calls=2 -68 
* 20
+1 18
+2 2
-1 2
-1 4
+2 20
+5 2
-3 2
-2 4
+3 2
-1 2
+3 24
+1 2
+1 14
+1 4
cfi=(169)
cfn=(604)
calls=2 -64 
* 16
+3 2

fn=(594) _IO_no_init
563 20
+1 2
cfn=(596)
calls=2 -33 
* 50
+1 2
+1 4
+2 2
+4 2
+7 2
+2 2
-9 10
+15 2
+1 12

fn=(772) __overflow
199 24
+2 24
+2 8
fi=(181)
940 24
+2 16
+1 16
fe=(167)
203 8
+1 16
-1 8
cfi=(168)
cfn=(718)
calls=8 731 
* 272

fl=(189) ./stdio-common/./stdio-common/_itoa.c
fn=(732) _itoa_word
163 606
+3 1212
+2 606
+9 5254
+9 606

fl=(156) ./setjmp/../sysdeps/x86_64/setjmp.S
fn=(538) __sigsetjmp
30 1
+2 1
+9 1
+1 2
+1 1
+4 1
+1 1
+1 1
+1 1
+1 1
+2 2
+2 1
+1 1
+1 1
+2 2
+2 1
+5 1
+1 1
+17 1
cfi=(157) ./setjmp/./setjmp/sigjmp.c
cfn=(540) __sigjmp_save
calls=1 -56 
* 9

fl=(171) ./string/../string/strstr.c
fn=(612) __GI_strstr
77 16
+5 2
-5 6
+5 4
+2 8
cob=(2)
cfi=(51)
cfn=(614) 0x000000000487a600
calls=2 -84 
* 46
* 2
+1 4
+44 2
+32 24

fl=(85) ./string/../sysdeps/x86_64/multiarch/strcmp.c
fn=(298) strcmp
65 2
-24 4
+1 2
-1 4
+1 4
+2 4
+5 6
+3 6
+13 2

fl=(107) ./string/../sysdeps/x86_64/multiarch/strcat.c
fn=(350) strcat
29 1
fi=(100) ./string/../sysdeps/x86_64/multiarch/ifunc-strcpy.h
+7 2
+1 1
-1 2
+1 2
+2 2
+4 3
+3 3
fe=(107)
-17 1

fl=(186) ./stdio-common/./stdio-common/printf.c
fn=(708) printf
28 3051
+4 1
+1 2
-1 2
+1 1
-1 1
+1 1
-1 1
+1 1
-1 1
+1 1
cfi=(187) ./stdio-common/./stdio-common/vfprintf-internal.c
cfn=(710) __vfprintf_internal
calls=1 1180 
* 2591
-5 909
+4 303
+1 606
-1 606
+1 303
-1 303
+1 303
-1 303
+1 303
-1 303
+1 303
cfi=(187)
cfn=(710)
calls=303 1180 
* 406967
+4 1520

fl=(168)
fn=(690) _IO_file_finish@@GLIBC_2.2.5
168 10
+1 4
+7 2
-1 4
+1 4
-1 2
cfi=(167)
cfn=(692)
calls=2 601 
* 32

fn=(736) _IO_file_write@@GLIBC_2.2.5
1173 2128
+2 1824
+5 304
cfi=(190) ./io/../sysdeps/unix/sysv/linux/write.c
cfn=(738) write
calls=304 25 
* 2736
+1 608
+5 304
+1 304
-12 608
+4 912
+1 608
+10 912
+3 1824
-4 912

fn=(636) _IO_file_stat
1146 3
+1 6
cfi=(176)
cfn=(638)
calls=3 29 
* 45

fn=(646) _IO_file_read
1130 236
+1 236
+2 236
-1 236
+1 472
cfi=(178) ./io/../sysdeps/unix/sysv/linux/read.c
cfn=(648) read
calls=236 25 
* 1888

fn=(720) _IO_do_write@@GLIBC_2.2.5
423 305
+2 915
+1 1
-3 304
fi=(181)
940 304
fe=(168)
423 608
fi=(181)
940 304
fe=(168)
423 304
fi=(181)
940 608
fe=(168)
423 1520
+20 304
-10 608
+7 1216
fi=(181)
942 608
+1 608
fe=(168)
448 1216
cfn=(736)
calls=304 1173 
* 13984
* 304
+1 1520
+2 304
+4 608
-3 608
-1 608
+4 608
-2 304
-28 1216
+1 2432
+28 608

fn=(846)
792 5
+5 4
+2 1
+1 2
+11 2
+4 4

fn=(608) _IO_file_open
182 4
+3 2
-3 14
+2 4
+4 2
cfi=(170) ./io/../sysdeps/unix/sysv/linux/open64.c
cfn=(610) open
calls=2 30 
* 68
* 2
+1 4
+3 4
+3 2
-4 2
+1 8
+3 4
+10 4
cfi=(167)
cfn=(600)
calls=2 87 
* 48
+1 2
+1 8

fn=(598) _IO_new_file_init_internal
106 2
+5 2
-5 4
+4 2
+3 2
cfi=(167)
cfn=(600)
calls=2 -26 
* 208
+1 2
+1 4

fn=(630)
461 236
+4 708
-4 1888
+7 472
+6 708
+3 472
+12 468
+9 472
fi=(181)
940 236
+2 236
-2 236
fe=(168)
505 472
cfi=(167)
cfn=(644)
calls=236 164 
* 5900
+6 236
+5 236
-5 236
fi=(181)
942 472
fe=(168)
511 236
fi=(181)
942 236
fe=(168)
511 708
fi=(181)
943 472
fe=(168)
516 944
cfn=(646)
calls=236 1130 
* 3304
+2 472
+16 235
-9 235
+9 470
+2 470
+1 1880
-6 1
-10 5
+11 1
-11 2
+16 8
-57 6
+5 4
cfi=(167)
cfn=(632)
calls=2 343 
* 612
+4 8

fn=(672) _IO_file_close_it@@GLIBC_2.2.5
128 8
+2 6
+4 4
+3 2
-3 2
-1 4
+6 2
+3 2
-3 2
cfi=(167)
cfn=(674)
calls=2 960 
* 20
+3 6
fi=(181)
940 6
+2 4
+1 4
fe=(168)
142 4
cfn=(676) _IO_file_close
calls=2 1164 
* 18
* 2
+3 6
+8 10
cfi=(167)
cfn=(642)
calls=2 329 
* 298
+1 2
+3 2
-3 6
+3 2
cfi=(167)
cfn=(668)
calls=2 53 
* 8
+5 2
-4 2
+1 2
+3 2
-2 2
+3 10

fn=(676)
1164 2
+3 4
cfi=(184) ./io/../sysdeps/unix/sysv/linux/close_nocancel.c
cfn=(678) __close_nocancel
calls=2 25 
* 12

fn=(718)
731 1605
+1 1284
+7 1603
+37 320
-2 640
+3 32
+3 48
+1 48
+1 64
+4 16
+1 64
-45 2
+12 2
+9 3
+5 3
+2 2
-3 2
+3 1
+1 1
-6 1
+1 1
+5 4
+1 1
+2 2
+13 305
-12 305
+1 305
+11 610
-12 305
cfn=(720)
calls=305 423 
* 32837
-31 2
cfi=(167)
cfn=(632)
calls=1 343 
* 325
+1 1
+9 1
-9 5

fn=(606) _IO_file_fopen@@GLIBC_2.2.5
213 22
+9 4
+2 12
356 24
247 12
+33 8
cfn=(608)
calls=2 -98 
* 182
* 2
+3 4
+3 6
cfi=(171)
cfn=(612)
calls=2 77 
* 114
* 2
+1 4
-40 4
-19 2
-1 2
-13 4

fn=(716) _IO_file_xsputn@@GLIBC_2.2.5
1197 7585
+7 1517
-7 4551
+6 6068
+9 3034
-2 6068
+17 3
+6 1516
+2 1516
+2 3032
-2 1516
+1 1516
+1 1516
-2 1516
cob=(2)
cfi=(51)
cfn=(728) 0x000000000487a3e0
calls=1516 0 
* 28859
* 1516
+4 3032
+28 13653
-55 1516
+4 1516
-4 1516
+1 3032
+18 1
+12 1
fi=(181)
940 3
+2 2
+1 2
fe=(168)
1243 304
fi=(181)
940 912
+2 608
+1 608
fe=(168)
1243 915
cfn=(718)
calls=305 731 
* 40206
* 610
+6 610
+1 2135
+2 610
+11 915
+1 4
cfi=(167)
cfn=(722)
calls=1 371 
* 457
+2 3
-48 46524
-2 35864
+4 304
+11 912
443 608

fn=(842)
381 3
+1 1
cfi=(167)
cfn=(844)
calls=1 +70 
* 69
* 2
+3 1
+4 2
-2 3
+3 2

fl=(173) ./libio/./libio/iofgets.c
fn=(620) fgets
32 61830
+5 41220
+2 30915
+8 123660
+4 10305
-4 20610
+4 10305
+1 10305
+1 20610
-1 10305
+1 41220
-2 10305
+2 10305
cfi=(174) ./libio/./libio/iogetline.c
cfn=(622) _IO_getline
calls=10305 -20 
* 1386577
+3 10305
+1 10305
-1 20610
+7 2
fi=(181)
883 2
+1 92745
fe=(173)
66 72135
-10 20608
+4 10304
+3 41216
fi=(181)
883 30912
fe=(173)

fl=(194) ./stdlib/../sysdeps/x86_64/lshift.S
fn=(756) __mpn_lshift
28 1
+1 1
+1 1
+2 1
+1 1
+1 1
+12 1
+1 1
+1 1
+1 1
+1 1
+1 1
+1 1
+6 1
+1 1
+1 1

fl=(80) ./string/../sysdeps/x86/cacheinfo.c
fn=(288) __x86_cacheinfo
86 1
fi=(81) ./string/../sysdeps/x86/cacheinfo.h
-25 1
+3 3
+2 1
+1 1
-1 2
+7 3
+2 1
+1 1
-1 2
+5 2
+2 2
+1 2
+1 2
+2 2
fe=(80)
* 2

fl=(196) ./stdlib/../sysdeps/x86_64/rshift.S
fn=(760) __mpn_rshift
28 1
+1 1
+1 1
+1 1
+13 1
+1 1
+16 1
+1 1
+1 1
+1 1
+1 1
+1 1
+1 1
+5 1
+1 1
+1 1
+1 1
+1 1

fl=(197) ./nptl/./nptl/alloca_cutoff.c
fn=(762) __libc_alloca_cutoff
27 1
+1 9
+7 1

fl=(108) ./string/../sysdeps/x86_64/multiarch/strncase_l.c
fn=(354) strncasecmp_l
31 1
fi=(210) ./string/../sysdeps/x86_64/multiarch/ifunc-strcasecmp.h
+1 5
fe=(108)
-1 1

fl=(161) ./stdlib/../sysdeps/unix/sysv/linux/getrandom.c
fn=(558) getrandom
28 1
+1 7
+1 1

fl=(204) ./nptl/./nptl/pthread_mutex_lock.c
fn=(782) pthread_mutex_lock@@GLIBC_2.2.5
77 1
+3 3
+2 1
+2 2
-7 2
+11 2
+79 1
+3 1
+2 1
+3 1
+2 1
+1 3
-81 2
+11 4
+4 1
+3 2
-71 1
+1 8
+1 1
+84 3
+1 2

fl=(148) ./misc/./misc/init-misc.c
fn=(500) __init_misc
30 1
+1 2
-1 4
+1 3
+2 3
cob=(2)
cfi=(51)
cfn=(502) 0x000000000487a5f0
calls=1 -33 
* 30
+4 5
+1 3
+2 4

fl=(147) ./csu/./csu/init-first.c
fn=(498) _init_first
46 4
+5 2
+4 5
+8 1
-2 1
+10 1
-9 1
+1 1
+9 2
-1 1
cfi=(148)
cfn=(500)
calls=1 -41 
* 55

fl=(137) ./elf/./elf/libc_early_init.c
fn=(442) __libc_early_init
33 7
+2 1
cfi=(138)
cfn=(444)
calls=1 -6 
* 17
+3 1
fi=(140) ./elf/../sysdeps/nptl/pthread_early_init.h
-5 2
fe=(137)
+8 1
-3 1
fi=(140)
-5 1
cfi=(139) ./resource/../sysdeps/unix/sysv/linux/getrlimit64.c
cfn=(446) getrlimit
calls=1 +5 
* 10
* 3
+1 6
+11 1
fi=(211) ./elf/../nptl/nptl-stack.h
+13 3
fi=(140)
-13 1
fi=(211)
+13 2
fi=(140)
-4 1
fi=(211)
+4 2
fi=(140)
-6 1
fi=(211)
+6 1
fi=(140)
-12 1
+6 6
+1 1
+4 1
cfi=(141) ./nptl/./nptl/pthread_mutex_conf.c
cfn=(450) __pthread_tunables_init
calls=1 -7 
* 884
fe=(137)
-10 3
+2 2
-2 1
cfi=(144) ./nptl/../sysdeps/unix/sysv/linux/x86/elision-conf.c
cfn=(464) __lll_elision_init
calls=1 +49 
* 147

fl=(153) ./stdlib/./stdlib/cxa_atexit.c
fn=(514) __cxa_atexit
69 9
-28 2
+2 6
+1 2
cfn=(516) __new_exitfn
calls=1 +38 
* 32
+2 2
+10 1
+2 1
-5 3
+3 1
-1 1
+4 2
+1 1
-1 2
+12 6

fn=(516)
82 1
+6 2
-6 4
+11 4
-10 2
+12 4
-2 1
+10 1
-10 3
+45 1
+5 1
-4 1
+4 4
-18 1
-1 1
+1 1

fl=(180) ./string/../sysdeps/x86_64/multiarch/memmove-vec-unaligned-erms.S
fn=(656) __memcpy_avx_unaligned_erms
307 10532
+1 10532
+6 10532
+1 10532
+2 10077
+1 10077
+1 10077
+3 160
+1 160
+1 160
+3 320
+30 455
+1 455
+2 372
+1 372
+2 340
+4 340
+1 17
+1 17
+1 17
+1 17
+1 12
+1 12
+2 12
+2 12
-2 5
+2 5
+6 323
+1 323
+1 323
+1 323
+1 323
+7 83
+1 83
+1 83
+1 83
+2 83
+17 32
+1 32
+1 32
+1 32
+1 32
+7 9916
+1 9916
+1 9916
+1 9916
+1 9916
+1 9916
+1 19832
+5 9917
+1 9917
+5 9917
+1 9917
+2 9916
+1 9916
+1 9916
+20 1
+1 1
+4 1
+2 1
+4 1
+1 1
+11 1
+3 1
+2 1
+2 1
+4 1
+1 1
+9 1
+1 1
+2 1
+2 1
+1 1
+1 1
+3 1
+2 1
+2 1
+2 2
+6 1
+1 1
+1 1
+1 1
+1 1
+1 1
+1 1
+1 1
+1 1
+1 1
+1 1
+1 1
-11 1
+1 1
+1 1
+1 1
+1 1
+1 1
+1 1
+1 1
+1 1
+1 1
+1 1
+1 1
+2 1
+1 1
+1 1
+1 1
+2 1
+4 2

fn=(730) __mempcpy_avx_unaligned_erms
294 1517
+1 1517
+1 1517
+1 1517
+17 1517
+1 1517
+2 304
+1 304
+1 304
+3 304
+1 304
+1 304
+3 608
+30 1213
+1 1213
+2 1213
+1 1213
+2 910
+4 910
+1 910
+1 910
+1 910
+1 910
+1 332
+1 332
+2 332
+2 332
-2 578
+2 578
+39 303
+1 303
+1 303
+1 303
+1 303

fl=(164)
fn=(574)
35 4
+1 16
+1 8
+6 4
+1 4

fl=(104) ./string/../sysdeps/x86_64/multiarch/strcasecmp.c
fn=(344) strcasecmp
31 1
fi=(210)
+1 5
fe=(104)
-1 1

fl=(183) ./libio/./libio/iofclose.c
fn=(666) fclose@@GLIBC_2.2.5
34 10
+14 6
fi=(181)
883 4
+1 6
fe=(183)
57 2
fi=(181)
940 6
+2 4
+1 4
fe=(183)
57 6
cfi=(168)
cfn=(690)
calls=2 168 
* 58
+1 6
+13 4
fi=(181)
855 8
+1 8
+6 4
cob=(2)
cfi=(51)
cfn=(680)
calls=2 0 
* 182
fe=(183)
76 10
-27 2
cfi=(167)
cfn=(668)
calls=2 +4 
* 216
+2 24
+1 2
-1 4
fi=(181)
883 4
fe=(183)
52 4
+1 4
cfi=(168)
cfn=(672)
calls=2 +75 
* 450
fi=(181)
883 2
fe=(183)
53 2
fi=(181)
883 4
+1 8
fe=(183)

fl=(149) ./string/../sysdeps/x86_64/multiarch/strrchr-avx2.S
fn=(504) __strrchr_avx2
46 1
+1 1
+1 1
+2 1
+1 1
+3 1
+1 1
+1 1
+2 1
+1 1
+1 1
+1 1
+1 1
+1 1
+2 1
+1 1
+12 1
+1 1
219 1
+1 1
+1 1
+1 1
+1 1
+2 1
+1 1
+1 1
+1 2

fl=(187)
fn=(710)
1180 3648
+30 1520
+8 913
+4 1520
+11 608
+11 304
fi=(212) ./stdio-common/./stdio-common/printf-parse.h
111 608
fe=(187)
1244 1520
fi=(212)
111 304
cob=(2)
cfi=(51)
cfn=(712) 0x000000000487a4d0
calls=304 0 
* 6393
fe=(187)
1259 304
fi=(212)
111 304
fe=(187)
1259 912
239 304
fi=(213) ./stdio-common/../libio/libioP.h
940 304
fe=(187)
1263 304
fi=(213)
942 304
-2 304
fe=(187)
1263 304
fi=(213)
940 608
+2 608
+1 608
fe=(187)
239 1216
cfi=(168)
cfn=(716)
calls=304 1197 
* 32844
* 608
127 2736
1263 608
+4 912
+4 2432
1532 304
1214 304
+34 304
-8 304
1532 912
+23 304
-39 304
+39 304
-39 304
+39 608
1313 9105
+39 607
-51 607
-1 607
-1 607
-1 607
+5 607
1501 607
fi=(212)
88 607
fe=(187)
1352 607
-46 607
-4 607
+50 607
1501 607
1295 607
-1 607
-1 607
-1 607
-1 607
+16 1214
1608 608
+1 608
+3 3648
-4 2736
1499 2
+33 2
+3 34
+20 2
1218 606
+41 1216
cfi=(169)
cfn=(602)
calls=304 24 
* 3040
+1 3952
-1 608
1609 608
cfi=(169)
cfn=(604)
calls=304 39 
* 2432
+2 304
-56 11
+9 305
-47 6666
-1 3939
cfi=(189)
cfn=(732)
calls=303 163 
* 8284
* 7959
192 606
+47 303
fi=(213)
942 909
+1 606
fe=(187)
239 1212
cfi=(168)
cfn=(716)
calls=303 1197 
* 22322
* 606
127 6060
1517 1212
-54 303
+53 606
+73 607
fi=(212)
111 607
fe=(187)
1583 607
fi=(212)
111 1214
cob=(2)
cfi=(51)
cfn=(712)
calls=607 0 
* 15474
fe=(187)
239 607
fi=(213)
942 607
fe=(187)
1593 607
fi=(212)
111 607
fi=(213)
942 607
fe=(187)
1593 607
fi=(213)
942 607
+1 1214
fe=(187)
239 2428
cfi=(168)
cfn=(716)
calls=607 1197 
* 147791
* 1214
127 7891
1593 1214
+2 1518
-79 4387
192 606
1556 1
351 1
+1 1
1556 1
352 2
-1 2
1559 2
127 7
354 1
cfi=(191) ./stdio-common/./stdio-common/printf_fp.c
cfn=(748) __printf_fp
calls=1 1278 
* 1775
* 1
1392 606
1516 2424
+1 606
cob=(2)
cfi=(51)
cfn=(724) 0x000000000487a490
calls=303 0 
* 4848
* 606
-1 3030
239 303
fi=(213)
942 909
+1 606
fe=(187)
239 1212
cfi=(168)
cfn=(716)
calls=303 1197 
* 25755
* 606
127 1818
1516 2040

fl=(201) ./stdlib/./stdlib/exit.c
fn=(776) __run_exit_handlers
40 11
+5 2
+3 5
+50 1
-42 1
+2 3
+8 6
+2 1
+3 1
-3 1
+3 6
+34 1
+1 1
+1 1
-2 1
+7 1
-3 2
+3 3
+1 3
cob=(1) /usr/lib/x86_64-linux-gnu/ld-linux-x86-64.so.2
cfi=(203) ./elf/./elf/dl-fini.c
cfn=(780) _dl_fini
calls=1 -82 
* 897
+1 4
+10 2
+1 2
-63 1
+69 4
+2 2
+1 6
cfi=(167)
cfn=(834)
calls=1 863 
* 365
* 3
+2 2
cfi=(209) ./posix/../sysdeps/unix/sysv/linux/_exit.c
cfn=(848) _Exit
calls=1 27 
* 5
-90 1
cfi=(202) ./stdlib/./stdlib/cxa_thread_atexit_impl.c
cfn=(778) __call_tls_dtors
calls=1 149 
* 12
* 1

fn=(774) exit
142 3
+1 3
-1 1
+1 1
cfn=(776)
calls=1 40 
* 1358

fl=(207) ./posix/./posix/register-atfork.c
fn=(796) __unregister_atfork
76 4
+1 2
-1 2
+1 6
fi=(208) ./posix/../malloc/dynarray-skeleton.c
243 2
fe=(207)
65 4
+38 8
+1 4

fl=(144)
fn=(464)
96 2
+5 1
-5 1
+5 1
-5 3
+5 3
cob=(2)
cfi=(51)
cfn=(452) 0x000000000487a650
calls=1 0 
* 22
+2 4
cob=(2)
cfi=(51)
cfn=(452)
calls=1 0 
* 22
+2 4
cob=(2)
cfi=(51)
cfn=(452)
calls=1 0 
* 22
+2 4
cob=(2)
cfi=(51)
cfn=(452)
calls=1 0 
* 22
+2 4
cob=(2)
cfi=(51)
cfn=(452)
calls=1 0 
* 22
+4 3
+1 1
+1 6

fl=(166) ./libio/./libio/iofopen.c
fn=(590) fopen@@GLIBC_2.2.5
85 12
-20 2
+20 4
-20 2
cob=(2)
cfi=(51)
cfn=(592) 0x000000000487a380
calls=2 -65 
* 230
+2 6
+3 2
+2 4
-2 2
+2 10
cfi=(167)
cfn=(594)
calls=2 563 
* 110
+1 2
+1 2
-1 2
+1 2
cfi=(168)
cfn=(598)
calls=2 +32 
* 226
+1 10
cfi=(168)
cfn=(606)
calls=2 213 
* 408
* 4
-38 4
+50 14

fl=(86) ./wcsmbs/../sysdeps/x86_64/multiarch/wcsnlen.c
fn=(300) wcsnlen
29 1
fi=(87) ./wcsmbs/../sysdeps/x86_64/multiarch/ifunc-wcslen.h
+5 4
-1 2
+2 3
+2 2
+4 3
+3 3
fe=(86)
-15 1

fl=(98) ./wcsmbs/../sysdeps/x86_64/multiarch/wcscmp.c
fn=(330) wcscmp
30 1
fi=(94) ./wcsmbs/../sysdeps/x86_64/multiarch/ifunc-avx2.h
+3 5
-1 2
+2 3
+2 2
+4 3
+3 4
fe=(98)
-13 1

fl=(141)
fn=(450)
50 2
+1 2
-1 4
+1 3
cob=(2)
cfi=(51)
cfn=(452)
calls=1 -51 
* 840
+2 4
cob=(2)
cfi=(51)
cfn=(452)
calls=1 -53 
* 23
+2 6

fl=(178)
fn=(648)
25 236
+1 1416
+1 236

fl=(157)
fn=(540)
28 3
+2 2
-1 1
+5 3

fl=(172) ./string/../sysdeps/x86_64/multiarch/strchr-avx2.S
fn=(616) __strchr_avx2
51 2
+2 2
+1 2
+1 2
+1 2
+1 2
+3 2
+1 2
+4 2
+1 2
+1 2
+1 2
+1 2
+1 2
+1 2
+1 2
+3 2
+1 2
+23 2
+1 4

fn=(714) __strchrnul_avx2
51 911
+2 911
+1 911
+1 911
+1 911
+1 911
+3 911
+1 911
+4 911
+1 911
+1 911
+1 911
+1 911
+1 911
+1 911
+1 607
+6 607
+1 1214
+27 304
+1 304
+6 304
+1 608
+31 304
+4 304
+1 304
+1 304
+1 304
+1 304
+1 304
+1 304

fl=(159) ./malloc/./malloc/malloc.c
fn=(682) free
3352 612
+4 1224
-4 612
+14 612
-14 1224
+12 612
+4 612
-4 612
+4 1224
+17 1836
fi=(160) ./malloc/./malloc/arena.c
162 1836
fe=(159)
3391 1224
cfn=(686) _int_free
calls=612 4421 
* 94339
+3 612
+1 2448

fn=(746) malloc_consolidate
4715 1
+17 1
-17 4
+28 1
-28 3
+15 1
+2 1
+13 2
+1 2
-1 18
+1 18
+62 30
+1 8
-31 592
+4 2
+2 1
+1 2
+1 2
+2 2
-4 295
+1 590
+1 590
+2 590
+1 530
+4 265
+2 265
-2 530
+3 265
+9 530
-12 31
+2 31
-2 62
+3 31
+9 357
-56 592
+4 888
+1 1184
+8 296
-3 592
+3 296
-3 296
+4 296
-4 296
+5 296
-5 296
+5 592
+2 592
+9 592
+4 295
+1 885
+16 295
-16 295
cfn=(744) unlink_chunk.constprop.0
calls=295 1626 
* 7282
* 885

fn=(562) tcache_init.part.0
3235 3
+9 8
+1 3
cfn=(564) _int_malloc
calls=1 1343 
* 367
* 1
+1 2
+8 4
+7 2
+2 1
+1 2
-1 1
+1 86
+3 4

fn=(566) sysmalloc
2548 27
+20 12
+11 6
+1 9
+26 3
+1 9
+1 3
+9 20
+6 9
+3 9
2941 6
+1 3
+5 6
+3 6
+5 6
-2 3
+2 3
-1 3
+1 3
-3 3
+3 3
+1 3
-1 9
+1 3
+2 6
+6 33
2687 6
+9 12
+13 9
+8 15
+8 6
+39 6
+2 9
+6 10
+1 2
2946 2
2773 6
+2 2
2896 1
-1 1
+1 3
+1 1
+11 2
fi=(160)
565 3
fe=(159)
2727 3
cfi=(162) ./malloc/./malloc/morecore.c
cfn=(570) __glibc_morecore
calls=3 25 
* 143
+1 6
-1 3
+1 3
2028 3
2729 3
2028 3
2729 3
2028 6
2730 3
+3 6
+33 6
2610 6
2775 2
+40 3
+22 1
+1 1
-1 1
+1 6
+2 2
+1 3
cfi=(162)
cfn=(570)
calls=1 25 
* 28
+12 2
-12 1
+12 1
2028 4
2897 4
2765 2
-52 3

fn=(744)
1626 599
+2 2995
+3 1198
+1 599
-1 1797
+3 2396
+3 599
+1 599
+1 2902
+24 1198

fn=(552) malloc
3287 42
+7 14
1343 12
+19 28
3306 28
+3 12
+10 18
+28 30
1362 7
3304 21
-63 4
cfn=(562)
calls=1 -6 
* 484
+68 2
+2 9
3193 2
+1 2
+2 1
+1 1
-1 3
+1 1
+1 1
3347 5
-26 24
cfn=(564)
calls=6 1343 
* 859
+1 30
fi=(160)
162 12
315 1
cfn=(556) ptmalloc_init.part.0
calls=1 -2 
* 1128
fe=(159)
1343 2

fn=(564)
1343 1226
3771 613
1362 613
3771 4904
1362 1226
3811 606
+27 606
+66 305
+2 305
-2 305
+2 610
1362 620
3811 620
4397 620
3838 620
+63 620
+62 9862
+1 924
+1 303
3838 606
1362 303
3843 606
+2 1515
4399 610
3903 305
4399 3965
3983 305
+1 305
-1 610
-1 610
+2 610
-1 308
+1 308
-1 616
-1 616
+2 616
-2 1836
+12 612
-6 612
+73 2448
-67 1837
-6 1
+73 4
-67 3
4413 5517
4183 1226
+2 924
+3 308
-3 308
+3 616
+68 1226
+1 613
+1 613
-1 613
+1 613
+1 1226
+1 1839
+5 1226
+4 1839
+3 2444
-3 1833
+3 1220
-3 610
+3 912
+97 613
+1 1226
+2 1226
+3 1845
+17 9
3904 6
4380 610
-2 1220
+2 610
-1 610
+6 610
-5 610
-3 610
+3 610
+2 610
-2 2440
2005 610
4382 610
2005 1220
4407 12
cfn=(566)
calls=3 2548 
* 563
* 3
+1 6
2005 9

fn=(578) calloc
3624 1212
+10 606
-10 2424
+10 4848
+8 1212
+3 1818
+2 1818
+32 1818
cfn=(564)
calls=606 1343 
* 86673
+2 3030
fi=(160)
162 1818
fe=(159)
3681 1212
+3 1818
+14 1212
+11 606
+5 606
-2 1212
+50 1818
-53 606
+12 2424
-20 2424
+31 606
+2 1212
+2 1212
+5 303
+2 303
-2 303
+3 606
-87 606
+1 1818
+7 606
+97 303
-25 606
+25 1212
-25 303
cob=(2)
cfi=(51)
cfn=(582) 0x000000000487a670
calls=303 0 
* 26253

fn=(686)
4421 4896
+10 612
-10 1836
+10 1224
+6 3060
+1 1224
+4 2448
+8 3060
-1 1224
+1 1224
+29 305
-20 305
-6 305
+6 610
+20 1220
+14 1206
+11 1184
+2 888
2012 888
4527 296
+1 296
+4 888
+2 888
+4 592
+2 1184
+1 296
+19 1182
4702 6732
4569 614
+3 307
+3 921
+7 307
-4 307
+4 614
+3 614
+5 921
+3 614
+1 614
+1 614
2012 921
4601 614
+1 303
+2 303
-1 303
+2 1212
+2 606
cfn=(744)
calls=303 1626 
* 7575
+3 614
+5 610
+4 304
+9 304
-1 304
+1 912
+1 608
-1 1
-1 1
+1 3
+1 2
+2 305
+2 610
+5 305
+1 305
+2 915
+1 305
+30 614
+20 921
3181 9
+4 9
-4 9
+2 36
+1 9
+1 9
4482 9
4635 915
+38 753
+3 502
+2 251
-2 251
-23 2
+1 6
+1 4
-39 1
+1 1
-1 1
cfn=(744)
calls=1 1626 
* 25
+1 1
-30 921
-2 614
+89 2
cfn=(746)
calls=1 +41 
* 22694
* 1
+4 1004

fl=(175)
fn=(634)
78 27
+6 12
fi=(181)
940 9
+2 6
+1 6
fe=(175)
84 9
cfi=(168)
cfn=(636)
calls=3 1146 
* 54
* 6
+2 12
+11 12
+4 6
cob=(2)
cfi=(51)
cfn=(592)
calls=3 0 
* 568
* 3
+1 6
+2 12
cfi=(167)
cfn=(642)
calls=3 329 
* 72
+1 3
+1 24
-15 1
fi=(214) ./libio/../include/sys/sysmacros.h
-44 6
fe=(175)
+44 1
-2 2
+5 2

fl=(191)
fn=(750) __printf_fp_l
216 16
+50 1
-9 1
+17 1
-8 3
+32 1
-21 1
-11 2
+11 2
fi=(192) ./stdio-common/../include/../locale/localeinfo.h
+38 3
fe=(191)
-35 2
+18 2
+8 1
-72 1
-1 1
388 1
-1 2
+5 2
+4 7
1272 12
396 6
cfi=(193) ./stdlib/../sysdeps/ieee754/dbl-64/dbl2mpn.c
cfn=(754) __mpn_extract_double
calls=1 33 
* 22
* 4
+36 1
+5 1
-49 1
+44 4
+1 1
+1 2
+3 12
+1 1
-1 1
+1 3
-1 1
+1 2
-1 1
+1 8
+1 1
-1 2
+1 13
+6 1
-6 2
+7 2
831 2
+10 1
+6 1
-16 1
+10 3
+6 1
-6 2
+2 2
+10 2
+48 2
+15 1
-1 4
+7 1
fi=(198) ./stdio-common/../sysdeps/pthread/allocalim.h
27 2
cfi=(197)
cfn=(762)
calls=1 * 
* 11
+2 3
fe=(191)
932 18
+4 1
-3 1
+3 4
+26 1
-2 3
+1 4
+1 2
+1 4
+3 6
-1 6
+2 6
-1 6
cfn=(766) hack_digit
calls=6 170 
* 324
* 6
+3 12
-7 18
+1 17
437 2
963 3
+15 3
+1 4
cfn=(766)
calls=1 170 
* 54
+2 3
-2 1
+2 5
fi=(199) ./stdio-common/../sysdeps/generic/get-rounding-mode.h
94 1
+1 7
fi=(200) ./stdio-common/../include/rounding-mode.h
-43 4
+6 2
fe=(191)
1107 3
+13 3
+46 2
+2 2
-2 5
+2 5
+2 8
+10 5
+8 1
+7 1
-7 2
+7 2
+5 3
cob=(2)
cfi=(51)
cfn=(724)
calls=1 0 
* 16
+2 2
-2 1
+2 2
+5 3
+2 1
-2 1
+2 2
+11 16
+7 12
+3 14
+3 14
-6 21
+1 24
+1 2
-2 1
+2 1
cob=(2)
cfi=(51)
cfn=(728)
calls=1 0 
* 20
* 1
-2 2
+10 6
+17 5
+3 3
+11 3
1008 1
-5 3
+5 1
-1 1
+1 4
+5 2
+4 2
+11 2
+69 3
649 2
840 2
1175 3
855 1
-7 1
+8 4
+3 4
665 3
+5 1
-5 1
cfi=(194)
cfn=(756)
calls=1 28 
* 16
+5 1
-18 1
+10 1
+3 1
+1 1
+24 1
-20 1
-4 4
+3 1
+1 2
789 12
-2 12
+2 46
675 12
+2 24
1177 2
+77 116
cfi=(167)
cfn=(772)
calls=8 199 
* 416
* 16
883 2
260 2
956 2
-1 2
-1 1
+2 1
835 2
-44 3
+4 5
cfi=(195) ./stdlib/../sysdeps/x86_64/mul_1.S
cfn=(758) __mpn_mul_1
calls=1 31 
* 33
+4 2
+1 1
-4 1
+4 2
-4 1
+3 1
+1 4
+9 1
+1 1
-1 1
+4 4
1203 2
868 2
-10 1
-1 1
+11 1
-12 1
+11 1
-11 2
-48 3
cfi=(196)
cfn=(760)
calls=1 28 
* 18
* 1

fn=(766)
170 28
+3 35
+2 7
+2 14
-2 14
+2 7
+1 21
-1 7
+1 7
cfi=(195)
cfn=(758)
calls=7 31 
* 147
* 7
+31 7
+1 35
-37 42

fn=(748)
1278 1
+1 1
-1 2
+1 3
cfn=(750)
calls=1 216 
* 1768

fl=(193)
fn=(754)
33 3
+4 2
-2 1
+2 1
+1 5
+9 2
+9 1
-9 1
+9 2
+47 1
+4 1
-4 1
+4 1

fl=(129) ./time/../sysdeps/unix/sysv/linux/gettimeofday.c
fn=(546) __gettimeofday_syscall
33 2
+1 4
+2 8
+1 2

fn=(414) gettimeofday
42 1
fi=(215) ./time/../sysdeps/unix/sysv/linux/dl-vdso.h
-2 2
+1 2
fe=(129)
+1 2

fl=(127) ./string/../sysdeps/x86_64/multiarch/rawmemchr.c
fn=(406) rawmemchr
31 1
fi=(123) ./string/../sysdeps/x86_64/multiarch/ifunc-evex.h
+4 5
-1 2
+2 3
+5 2
-3 2
+9 3
+3 4
fe=(127)
-19 1

fl=(162)
fn=(570)
25 4
+1 8
-1 4
+4 4
cfi=(163)
cfn=(572)
calls=4 +8 
* 135
+1 8
+4 8

fl=(202)
fn=(778)
149 4
+1 4
+18 4

fl=(117) ./string/../sysdeps/x86_64/multiarch/strlen.c
fn=(378) strlen
29 1
fi=(83)
+4 5
-1 2
+2 3
+2 2
+4 3
+3 4
fe=(117)
-14 1

fl=(99) ./string/../sysdeps/x86_64/multiarch/stpncpy.c
fn=(334) stpncpy
31 1
fi=(100)
+5 2
+1 1
-1 2
+1 2
+2 2
+4 3
+3 3
fe=(99)
-15 1

fl=(184)
fn=(678)
25 2
+1 8
+1 2

fl=(126) ./string/../sysdeps/x86_64/multiarch/strncase.c
fn=(404) strncasecmp
31 1
fi=(210)
+1 5
fe=(126)
-1 1

fl=(154) ./csu/../sysdeps/nptl/libc_start_call_main.h
fn=(534) (below main)
29 4
+15 1
-15 5
+15 1
cfi=(155) ./setjmp/../sysdeps/x86_64/bsd-_setjmp.S
cfn=(536) _setjmp
calls=1 -16 
* 34
* 1
+2 2
+5 2
+1 2
+3 2
+3 6
cob=(5) /media/junjieli/DE9C2D959C2D68EB/UB/3/Tardo/SO2/Practica/Practica_3/P3-Analisi de codi/codi/analisi
cfi=(158) /media/junjieli/DE9C2D959C2D68EB/UB/3/Tardo/SO2/Practica/Practica_3/P3-Analisi de codi/codi/analisi.c
cfn=(542) main
calls=1 306 
* 156185519
* 1
+16 1
cfi=(201)
cfn=(774)
calls=1 +68 
* 1366

fl=(101) ./wcsmbs/../sysdeps/x86_64/multiarch/wmemchr.c
fn=(338) wmemchr
31 2
fi=(102) ./wcsmbs/../sysdeps/x86_64/multiarch/ifunc-evex.h
+4 10
-1 4
+2 6
+5 4
-3 4
+9 6
+3 8
fe=(101)
-19 2

fl=(139)
fn=(446)
38 2
+1 7
+1 1

fl=(90) ./wcsmbs/../sysdeps/x86_64/multiarch/wcslen.c
fn=(308) wcslen
29 1
fi=(87)
+5 4
-1 2
+2 3
+2 2
+4 3
+3 3
fe=(90)
-15 1

fl=(105) ./string/../sysdeps/x86_64/multiarch/strcspn.c
fn=(346) strcspn
29 1
fi=(216) ./string/../sysdeps/x86_64/multiarch/ifunc-sse4_2.h
+1 5
fe=(105)
-1 1

fl=(124) ./string/../sysdeps/x86_64/multiarch/strspn.c
fn=(398) strspn
29 1
fi=(216)
+1 5
fe=(124)
-1 1

fl=(170)
fn=(610)
30 4
+3 2
-3 16
+3 12
+8 20
+2 14

fl=(209)
fn=(848)
27 2
+3 1
+1 2

fl=(118) ./string/../sysdeps/x86_64/multiarch/strncpy.c
fn=(382) strncpy
29 1
fi=(100)
+7 2
+1 1
-1 2
+1 2
+2 2
+4 3
+3 3
fe=(118)
-17 1

fl=(185) ./string/../sysdeps/x86_64/multiarch/strcmp-avx2.S
fn=(700) __strcmp_avx2
83 3363147
+23 3363147
+1 3363147
+2 3363147
+1 3363147
+1 3363147
+1 3363147
+1 3363147
+2 2447795
+1 2447795
+1 2447795
+1 2447795
+1 2447795
+1 2447795
+1 2447795
+1 2447795
+18 2447795
+1 2447795
+1 2447795
+3 4895590
718 915352
+1 915352
+4 915352
+11 915352
+1 915352
+1 915352
+2 1830704
+10 915352
+1 915352
+2 690504
+1 690504
+1 690504
+1 690504
+1 690504
+1 690504
+1 690504
+15 224848
+1 224848
+24 224848
+1 224848
+1 112403
+1 112403
+1 112403
+1 112403
+1 112403
+1 112403
+2 112403
+1 112403
+1 112403
+13 112445
+1 112445
+1 112445
+1 112445
+1 112445
+1 112445
+1 112445
+1 112445
+2 112445
+1 112445
+1 112445

fl=(84) ./string/../sysdeps/x86_64/multiarch/strpbrk.c
fn=(296) strpbrk
29 1
fi=(216)
+1 5
fe=(84)
-1 1

fl=(106) ./wcsmbs/../sysdeps/x86_64/multiarch/wcscpy.c
fn=(348) wcscpy
43 1
-6 5
+6 1

fl=(205) ./nptl/./nptl/pthread_mutex_unlock.c
fn=(784) pthread_mutex_unlock@@GLIBC_2.2.5
367 1
51 3
+1 2
367 1
57 2
+8 1
-3 1
-23 1
+1 2
+30 1
369 2
40 3
+1 2
+33 2
+6 4
+4 3
+3 3

fl=(160)
fn=(556)
313 1
fi=(159)
3162 3
fe=(160)
313 5
+5 1
fi=(159)
3162 2
cfi=(161)
cfn=(558)
calls=1 28 
* 9
* 2
fe=(160)
343 2
+4 3
fi=(159)
1966 4
+3 1
-3 1
+3 2
-3 2
+3 126
-3 126
+3 252
-3 252
fe=(160)
352 3
fi=(159)
1977 1
+1 1
+2 1
fe=(160)
352 1
cob=(2)
cfi=(51)
cfn=(452)
calls=1 0 
* 23
+1 4
cob=(2)
cfi=(51)
cfn=(452)
calls=1 0 
* 22
+1 4
cob=(2)
cfi=(51)
cfn=(452)
calls=1 0 
* 23
+1 4
cob=(2)
cfi=(51)
cfn=(452)
calls=1 0 
* 23
+1 4
cob=(2)
cfi=(51)
cfn=(452)
calls=1 0 
* 22
+1 4
cob=(2)
cfi=(51)
cfn=(452)
calls=1 0 
* 23
+1 4
cob=(2)
cfi=(51)
cfn=(452)
calls=1 0 
* 23
+2 4
cob=(2)
cfi=(51)
cfn=(452)
calls=1 0 
* 23
+1 4
cob=(2)
cfi=(51)
cfn=(452)
calls=1 0 
* 23
+1 4
cob=(2)
cfi=(51)
cfn=(452)
calls=1 0 
* 23
+3 4
cob=(2)
cfi=(51)
cfn=(452)
calls=1 0 
* 23
+1 4
cob=(2)
cfi=(51)
cfn=(452)
calls=1 0 
* 23
+1 2
+63 7

fl=(174)
fn=(622)
33 10305
+1 20610
cfn=(624) _IO_getline_info
calls=10305 +15 
* 1355662

fn=(624)
49 144270
+2 20610
+2 30915
+2 41220
+28 10532
+2 52660
cob=(2)
cfi=(51)
cfn=(650) 0x000000000487a420
calls=10532 -85 
* 410947
* 10532
+1 21064
+14 693
+3 231
-3 231
cob=(2)
cfi=(51)
cfn=(654) 0x000000000487a620
calls=231 0 
* 4025
+2 231
-1 231
-46 462
+2 32304
+1 21536
+2 472
cfi=(167)
cfn=(626)
calls=236 299 
* 38857
+1 472
+6 470
+11 232
-1 464
-22 464
+51 6
+1 32
-18 10301
+1 10301
-2 20602
+1 10301
+1 20602
+2 10301
+2 20602
+2 51505
cob=(2)
cfi=(51)
cfn=(654)
calls=10301 -96 
* 243646
+1 10301
+1 10301
-1 10301
+10 82408
-44 1
+25 2
-25 2
+6 9
+1 9
-16 4

fl=(119) ./wcsmbs/../sysdeps/x86_64/multiarch/wmemcmp.c
fn=(386) wmemcmp
29 1
fi=(120) ./wcsmbs/../sysdeps/x86_64/multiarch/ifunc-memcmp.h
+5 2
+1 1
-1 2
+1 2
+1 2
+1 3
+2 2
+4 3
+3 3
fe=(119)
-17 1

fl=(150) ./libio/./libio/vtables.c
fn=(506) check_stdfiles_vtables
83 1
+1 4
+1 3
+1 3
+2 1

fl=(155)
fn=(536)
28 1
+2 1
+2 1
cfi=(156)
cfn=(538)
calls=1 -2 
* 31

fl=(93) ./wcsmbs/../sysdeps/x86_64/multiarch/wcschr.c
fn=(316) wcschr
31 2
fi=(94)
+2 10
-1 4
+2 6
+2 4
+4 6
+3 8
fe=(93)
-12 2

fl=(182) ./string/../sysdeps/x86_64/multiarch/strcpy-avx2.S
fn=(662) __strcpy_avx2
53 20303
+6 20303
+2 20303
+5 20303
+2 20303
+1 20303
+1 20303
+2 20000
+1 20000
+2 20000
+1 20000
+1 20000
+14 20000
+1 20000
304 303
+1 303
+1 303
+1 303
+10 303
+1 303
+31 20000
+2 20000
+2 20000
+1 20000
-3 303
+2 303
+1 303
+1 20303
+1 20303
+1 20303
+1 20303
+1 20303
+1 20303
+1 20303
+1 20303
578 20303
+1 20303
+9 40606

fl=(190)
fn=(738)
25 304
+1 2128
+1 304

fl=(88) ./string/../sysdeps/x86_64/multiarch/memset.c
fn=(304) memset
29 1
fi=(89) ./string/../sysdeps/x86_64/multiarch/ifunc-memset.h
+21 5
+3 3
+7 2
+9 2
+2 2
+10 2
+8 2
+2 5
fe=(88)

fl=(96) ./string/../sysdeps/x86_64/multiarch/strrchr.c
fn=(322) rindex
28 1
fi=(83)
+5 5
-1 2
+2 3
+2 2
+4 3
+3 4
fe=(96)
-15 1

fl=(109) ./string/../sysdeps/x86_64/multiarch/memcmp.c
fn=(356) bcmp
29 1
fi=(110) ./string/../sysdeps/x86_64/multiarch/ifunc-memcmp.h
+5 2
+1 1
-1 2
+1 2
+1 2
+1 3
+2 2
+4 3
+3 3
fe=(109)
-17 1

fl=(121) ./string/../sysdeps/x86_64/multiarch/stpcpy.c
fn=(390) stpcpy
33 1
fi=(100)
+3 2
+1 1
-1 2
+1 2
+2 2
+4 3
+3 3
fe=(121)
-13 1

fl=(95) ./string/../sysdeps/x86_64/multiarch/strchr.c
fn=(320) index
61 1
-20 2
+1 1
-1 2
-1 2
+2 2
+2 2
+4 3
+3 3
+10 1

fl=(115) ./string/../sysdeps/x86_64/multiarch/strcpy.c
fn=(372) strcpy
29 2
fi=(100)
+7 4
+1 2
-1 4
+1 4
+2 4
+4 6
+3 6
fe=(115)
-17 2

fl=(152) ./csu/../csu/libc-start.c
fn=(512) __libc_start_main@@GLIBC_2.34
242 12
343 3
+1 3
cfi=(153)
cfn=(514)
calls=1 69 
* 71
+25 6
+6 2
-3 2
+10 2
cob=(2)
cfi=(51)
cfn=(528) 0x000000000487a6d0
calls=1 0 
* 836
+2 2
+8 4
cfi=(154)
cfn=(534)
calls=1 29 
* 156186947
128 2
+6 3
+1 6
cob=(2)
cfi=(51)
cfn=(518) 0x0000000000109000
calls=1 0 
* 7
* 1
+3 1
+1 2
+3 2
+1 2
-1 1
+2 7
+1 4
cob=(5)
cfi=(151) ???
cfn=(522) 0x00000000000012c0
calls=1 0 
* 12
-1 4

fl=(179) ./string/../sysdeps/x86_64/multiarch/memchr-avx2.S
fn=(652) __memchr_avx2
60 10532
+7 10532
+2 10532
+3 10532
+1 10532
+2 10532
+1 10532
+1 10532
+1 10532
+3 10447
+1 10447
+3 10447
+1 10447
+2 10359
+1 10359
+1 365
+1 365
+1 730
+6 88
+5 88
+1 88
+1 88
+1 88
+1 176
+11 85
+3 85
+1 85
+1 85
+4 85
+1 85
+7 85
+3 85
+1 85
+2 85
+1 85
+1 7
+1 7
+2 14
+4 39
+1 39
+1 39
+1 78
+4 676
+1 676
+1 676
+1 1352
+4 8914
+1 8914
+1 8914
+1 17828
+5 175
+1 175
+1 175
+1 350
+10 10072
+1 10072
+1 10072
+2 10072
+10 10072
+1 10072
+3 10072
+1 10072
+2 9805
+1 9805
+2 9766
+1 9766
+1 9766
+1 9766
+2 9090
+1 9090
+1 9090
+1 9090
+2 176
+1 176
+1 176
+1 176
+4 1
+1 1
+3 1
+1 1
+1 1
+1 1
+5 2
+10 1
+1 1
+1 1
+1 1
+1 1
+1 1
+1 1
+2 1
+6 1
+1 1
-15 1
+1 1
+1 1
+1 1
+1 1
+1 1
+1 1
+2 1
+6 1
+1 1
+2 1
+2 1
+1 1
+13 267
+1 267
+3 267
+1 267
+4 118
+1 118
+3 84
+1 84
+1 84
+1 84
+1 84
+4 68
+8 1
+1 1
+1 1
+2 1
+1 1
+1 1
+29 84
+1 168
+16 13
+4 13
+2 13
+1 26
+21 149
+1 149
+1 149
+1 149
+2 137
+1 137
+3 137
+1 137
+3 137
+1 137
+4 33
+1 33
+12 66
+4 104
+1 104
+1 104
+1 208

fl=(195)
fn=(758)
31 8
+1 8
+3 8
+1 8
+1 8
+1 8
+1 8
+2 8
+1 8
+2 8
+1 8
+1 8
+1 8
+1 7
+2 7
+1 7
+1 7
+1 7
+26 1
+1 1
+1 1
+1 1
+1 1
+1 1
+1 1
+1 1
+1 1
+26 1
+1 1
+1 1
+2 1
+1 1
+1 1
+1 1
+1 1
+1 1
+2 1
+3 1
-5 7
+2 7
+3 7

fl=(122) ./string/../sysdeps/x86_64/multiarch/memchr.c
fn=(394) memchr
29 1
fi=(123)
+6 5
-1 2
+2 3
+5 2
-3 2
+9 3
+3 4
fe=(122)
-21 1

fl=(188) ./string/../sysdeps/x86_64/multiarch/strlen-avx2.S
fn=(726) __strlen_avx2
50 304
+13 304
+1 304
+1 304
+3 304
+2 304
+1 304
+3 304
+1 304
+8 304
+1 304
+1 304
+5 608

fl=(206) ./stdlib/./stdlib/cxa_finalize.c
fn=(794) __cxa_finalize
30 4
+3 4
-3 14
+3 8
+3 6
+4 12
-4 6
+58 8
+4 12
-4 6
+11 4
+1 4
cfi=(207)
cfn=(796)
calls=2 -30 
* 32
+1 8
+1 16

fl=(97) ./string/../sysdeps/x86_64/multiarch/memmove.c
fn=(326) memmove
29 2
fi=(92)
+24 6
-1 4
+4 6
+14 4
+2 4
+8 4
+8 4
+2 10
fe=(97)

fl=(169)
fn=(602)
24 310
+3 620
+3 1240
+1 310
+2 310
+1 310

fn=(604)
39 310
+3 620
+2 620
+1 620
+2 310

fl=(82) ./string/../sysdeps/x86_64/multiarch/strnlen.c
fn=(292) strnlen
31 2
fi=(83)
+2 10
-1 4
+2 6
+2 4
+4 6
+3 8
fe=(82)
-12 2

fl=(111) ./wcsmbs/../sysdeps/x86_64/multiarch/wmemset.c
fn=(360) wmemset
31 2
fi=(112) ./wcsmbs/../sysdeps/x86_64/multiarch/ifunc-wmemset.h
+2 10
+1 6
+2 4
+8 6
+3 8
fe=(111)
-16 2

fl=(116) ./string/../sysdeps/x86_64/multiarch/strcasecmp_l.c
fn=(376) strcasecmp_l
31 1
fi=(210)
+1 5
fe=(116)
-1 1

ob=(5)
fl=(151)
fn=(802) 0x0000000000001210
0 5

fn=(510) (below main)
0 12
cob=(3)
cfi=(152)
cfn=(512)
calls=1 242 
0 156187944

fn=(522)
0 12

fn=(786) 0x0000000000001280
0 9
cob=(2)
cfi=(51)
cfn=(792) 0x0000000000109100
calls=1 0 
0 74
0 1
cfn=(802)
calls=1 0 
0 5
0 3

fl=(158)
fn=(542)
306 9
+4 2
+8 4
cob=(2)
cfi=(51)
cfn=(544) 0x0000000000109170
calls=1 0 
* 10
+3 4
cfn=(548) malloc_matrix
calls=1 21 
* 73946
* 1
+1 4
cfn=(548)
calls=1 21 
* 100112
* 1
+3 7
cfn=(586) read_airports
calls=1 62 
* 69875
+3 8
cfn=(694) read_airports_data
calls=1 -66 
* 153928598
+3 5
cfn=(704) print_num_flights_summary
calls=1 118 
* 1892503
+3 4
cfn=(740) free_matrix
calls=1 42 
* 37574
+1 4
cfn=(740)
calls=1 42 
* 80177
+3 4
cob=(2)
cfi=(51)
cfn=(544)
calls=1 0 
* 10
+4 8
+1 5
-2 7
cob=(2)
cfi=(51)
cfn=(706) 0x0000000000109160
calls=1 0 
* 2631
+4 1
+1 5

fn=(702) get_index_airport
101 120000
+3 40000
+1 33431470
cob=(2)
cfi=(51)
cfn=(698) 0x00000000001091a0
calls=3343147 0 
* 82127767
* 6686294
+1 40000
-2 10009441
+5 40000

fn=(694)
262 10
+7 5
cob=(2)
cfi=(51)
cfn=(588) 0x00000000001091c0
calls=1 0 
* 461
* 1
+1 2
+6 5
cob=(2)
cfi=(51)
cfn=(618) 0x0000000000109180
calls=1 0 
* 778
+2 1
+2 60000
cfn=(696) extract_fields_airport
calls=10000 142 
* 18917934
* 10000
+2 20000
+1 50000
cfn=(702)
calls=10000 101 
* 66078862
* 10000
+1 50000
cfn=(702)
calls=10000 101 
* 66416110
* 10000
+2 40000
+1 130000
-9 50000
cob=(2)
cfi=(51)
cfn=(618)
calls=10000 0 
* 2063683
* 5
cob=(2)
cfi=(51)
cfn=(618)
calls=1 0 
* 201
* 20002
+13 3
cob=(2)
cfi=(51)
cfn=(664) 0x0000000000109140
calls=1 0 
* 529
+1 6

fn=(740)
42 12
+3 4
+1 4848
cob=(2)
cfi=(51)
cfn=(742) 0x0000000000109110
calls=606 -46 
* 110104
-1 2430
+4 6
cob=(2)
cfi=(51)
cfn=(742)
calls=2 -49 
* 341
+1 6

fn=(548)
21 16
+3 2
+2 10
cob=(2)
cfi=(51)
cfn=(550) 0x00000000001091b0
calls=2 -26 
* 1999
* 2
+1 4
+1 3636
+1 6666
cob=(2)
cfi=(51)
cfn=(576) 0x0000000000109190
calls=606 -29 
* 158679
* 606
-2 2430
+5 2
+1 6

fn=(586)
62 9
+9 1
+2 5
cob=(2)
cfi=(51)
cfn=(588)
calls=1 -73 
* 601
* 1
+1 2
+5 1
+1 1
+2 1515
cob=(2)
cfi=(51)
cfn=(618)
calls=303 -82 
* 53564
+1 606
+3 3030
cob=(2)
cfi=(51)
cfn=(660) 0x0000000000109120
calls=303 -86 
* 9090
+2 303
-8 608
+11 3
cob=(2)
cfi=(51)
cfn=(664)
calls=1 -91 
* 529
+1 6

fn=(696)
142 100000
+16 10000
+4 10000
+4 10000
+8 10000
+1 10000
+1 10000
+1 10000
+5 80000
+1 20000
-1 7650248
+1 1912562
+1 280000
+4 560000
+4 1100000
+5 60000
+2 40000
+2 40000
+8 60000
+1 540000
-1 380000
+6 100000
+4 100000
cob=(2)
cfi=(51)
cfn=(698)
calls=20000 0 
* 460000
* 40000
+3 60000
+2 50000
cob=(2)
cfi=(51)
cfn=(660)
calls=10000 0 
* 320000
+1 10000
+1 10000
+2 50000
cob=(2)
cfi=(51)
cfn=(660)
calls=10000 0 
* 320000
+1 10000
+1 10000
+15 560000
+2 3845124
+2 20000
+3 10000
+1 50000

fn=(704)
118 6
+3 2
+2 303
+2 606
+2 1193517
+1 822
-3 276033
+6 3636
cob=(2)
cfi=(51)
cfn=(706)
calls=303 0 
* 416663
-10 911
+12 4

ob=(2)
fl=(51)
fn=(576)
0 1212
cob=(3)
cfi=(159)
cfn=(578)
calls=606 3624 
0 157467

fn=(706)
0 608
cob=(3)
cfi=(186)
cfn=(708)
calls=304 28 
0 418686

fn=(164) 0x0000000004002050
0 6
cob=(1)
cfi=(52) ./elf/./elf/dl-error-skeleton.c
cfn=(166) _dl_catch_exception
calls=3 175 
0 9544

fn=(660)
0 40606
cob=(3)
cfi=(182)
cfn=(662)
calls=20303 53 
0 608484

fn=(680)
0 8
cob=(3)
cfi=(159)
cfn=(682)
calls=4 3352 
0 410

fn=(618)
0 20610
cob=(3)
cfi=(173)
cfn=(620)
calls=10305 32 
0 2097616

fn=(654)
0 21064
cob=(3)
cfi=(180)
cfn=(656)
calls=10532 307 
0 226607

fn=(550)
0 4
cob=(3)
cfi=(159)
cfn=(552)
calls=2 3287 
0 1995

fn=(582)
0 606
cob=(3)
cfi=(165)
cfn=(584)
calls=303 181 
0 25647

fn=(808) 0x0000000000109adc
0 4

fn=(480) 0x000000000483f000
0 6
cob=(4) /usr/libexec/valgrind/vgpreload_core-amd64-linux.so
cfi=(146) ???
cfn=(484) 0x0000000000001170
calls=1 0 
0 12
0 1
cob=(4)
cfi=(146)
cfn=(492) 0x00000000000012f0
calls=1 0 
0 5
0 2

fn=(664)
0 4
cob=(3)
cfi=(183)
cfn=(666)
calls=2 34 
0 1054

fn=(698)
0 6726294
cob=(3)
cfi=(185)
cfn=(700)
calls=3363147 83 
0 75861473

fn=(820) 0x000000000483f040
0 2
cob=(3)
cfi=(206)
cfn=(794)
calls=1 30 
0 72

fn=(588)
0 4
cob=(3)
cfi=(166)
cfn=(590)
calls=2 85 
0 1058

fn=(614)
0 4
cob=(3)
cfi=(172)
cfn=(616)
calls=2 51 
0 42

fn=(812) 0x000000000483f334
0 3
cob=(4)
cfi=(146)
cfn=(814) 0x00000000000010e0
calls=1 0 
0 105
0 2

fn=(160) 0x0000000004002080
0 2
cob=(1)
cfi=(52)
cfn=(162) _dl_catch_error
calls=1 225 
0 2782

fn=(518)
0 7

fn=(650)
0 21064
cob=(3)
cfi=(179)
cfn=(652)
calls=10532 60 
0 389883

fn=(712)
0 1822
cob=(3)
cfi=(172)
cfn=(714)
calls=911 51 
0 20045

fn=(728)
0 3034
cob=(3)
cfi=(180)
cfn=(730)
calls=1517 294 
0 25845

fn=(544)
0 4
cob=(3)
cfi=(129)
cfn=(546)
calls=2 33 
0 16

fn=(742)
0 1216
cob=(3)
cfi=(159)
cfn=(682)
calls=608 3352 
0 109229

fn=(452)
0 38
cob=(1)
cfi=(10) ./elf/./elf/dl-tunables.c
cfn=(24) __tunable_get_val
calls=19 402 
0 391
cob=(1)
cfi=(142) ./elf/../sysdeps/x86_64/dl-trampoline.h
cfn=(458) _dl_runtime_resolve_xsave
calls=1 67 
0 813
0 5

fn=(502)
0 2
cob=(3)
cfi=(149)
cfn=(504)
calls=1 46 
0 28

fn=(528)
0 2
cob=(1)
cfi=(49) ./elf/./elf/dl-audit.c
cfn=(532) _dl_audit_preinit
calls=1 117 
0 5
cob=(1)
cfi=(142)
cfn=(458)
calls=1 67 
0 824
0 5

fn=(592)
0 10
cob=(3)
cfi=(159)
cfn=(552)
calls=5 3287 
0 788

fn=(724)
0 608
cob=(3)
cfi=(188)
cfn=(726)
calls=304 50 
0 4256

fn=(792)
0 2
cob=(3)
cfi=(206)
cfn=(794)
calls=1 30 
0 72

ob=(1)
fl=(49)
fn=(206) _dl_audit_objopen
76 2
+1 8

fn=(468) _dl_audit_activity_nsid
40 6
+4 3
-4 3
+4 3
-4 3
+4 3
-4 6
+4 3
+1 3
+1 12
+4 18

fn=(154) _dl_audit_activity_map
28 6
+2 1
-1 1
+1 2
+6 6

fn=(810) _dl_audit_objclose
96 4
+1 16

fn=(532)
117 1
+1 4

fl=(16) ./elf/../sysdeps/x86/cpu-features.c
fn=(40) update_active.constprop.0
43 7
+45 1
-41 1
+28 1
-18 1
+31 1
+4 1
-36 1
-1 1
+37 1
-26 1
-11 1
+1 1
+36 2
+1 1
-17 1
-21 1
+25 1
-4 1
-11 1
+28 1
-1 1
-36 1
+18 1
+19 1
-13 1
-4 1
-11 1
+19 1
+11 1
-3 1
-12 1
+14 1
-29 1
+18 1
+9 1
-18 1
+13 1
-13 1
-9 1
+29 2
+3 1
-14 1
-9 1
+9 1
+4 1
+10 1
-17 1
+7 1
+5 1
+5 1
+1 1
-1 1
+1 2
+2 2
+1 4
+3 1
+1 1
-1 1
+1 1
-1 1
+1 1
-1 1
+1 1
+4 2
+4 2
+2 4
+83 3
+12 2
+1 1
+3 3
+4 1
-4 1
+4 1
+67 3
+4 3
fi=(18) ./elf/../sysdeps/x86/get-isa-level.h
31 1
-3 1
+3 1
-1 2
fe=(16)
296 1
+1 8
-75 3
+1 2
+3 1
-1 1
+9 1
-5 1
+2 1
-2 1
+5 1
fi=(18)
32 3
+4 3
fe=(16)
+83 2
+2 1
+3 2
+10 1
+10 1
-10 1
+10 1
-10 1
+6 1
+4 1
-4 1
-6 1
+6 1
+2 1
-2 1
+2 3
+7 4
fi=(18)
39 3
+1 4
+5 1
-7 1
+7 3
+2 1
+1 2
+1 3
+2 4
+1 2
+1 2
+6 1
-4 1
+4 1
-3 2
fe=(16)
+75 1
-5 2
+4 1

fn=(34) init_cpu_features.constprop.0
399 1
+16 1
-16 6
+3 1
+1 1
+1 1
+11 2
+3 6
593 1
+94 5
+1 1
+3 2
+1 1
+6 1
+3 1
fi=(19) ./elf/../sysdeps/x86/dl-cacheinfo.h
+5 1
+2 1
fe=(16)
-9 1
fi=(19)
+23 2
840 1
+34 1
-34 17
+33 2
+25 2
+21 2
-21 2
+13 3
+8 1
-8 1
+8 1
cfi=(10)
cfn=(24)
calls=1 402 
* 21
* 1
+2 2
+3 4
cfi=(10)
cfn=(24)
calls=1 402 
* 21
* 1
+5 2
-3 2
+3 2
cfi=(10)
cfn=(24)
calls=1 402 
* 21
* 1
+2 2
+3 4
cfi=(10)
cfn=(24)
calls=1 402 
* 21
* 1
+1 2
+22 1
-16 4
+3 3
-3 1
cfi=(10)
cfn=(24)
calls=1 402 
* 21
+3 3
-3 2
+3 10
cfi=(10)
cfn=(54) __GI___tunable_set_val
calls=1 157 
* 58
+1 8
cfi=(10)
cfn=(54)
calls=1 157 
* 58
+1 9
cfi=(10)
cfn=(54)
calls=1 157 
* 58
+2 8
cfi=(10)
cfn=(54)
calls=1 157 
* 58
+2 9
cfi=(10)
cfn=(54)
calls=1 157 
* 58
+4 2
fe=(16)
706 1
fi=(19)
954 2
fe=(16)
706 2
fi=(19)
954 4
fe=(16)
706 1
cfi=(10)
cfn=(24)
calls=1 402 
* 19
+4 3
+14 1
-1 2
+1 3
+47 1
-1 1
+1 1
+46 4
cfi=(10)
cfn=(24)
calls=1 402 
* 19
+2 4
cfi=(10)
cfn=(24)
calls=1 402 
* 19
fi=(21) ./elf/../sysdeps/unix/sysv/linux/x86/cpu-features.c
27 6
fe=(16)
829 2
+45 8
fi=(19)
+7 11
fe=(16)
775 3
+27 2
-10 2
+1 2
+2 3
+1 2
+2 3
+1 2
fi=(19)
-75 3
cfn=(46) handle_intel.constprop.0
calls=1 255 
* 437
+1 1
-1 2
+1 1
cfn=(46)
calls=1 255 
* 478
+1 1
-1 1
+1 1
cfn=(46)
calls=1 255 
* 503
+3 1
-3 2
+3 1
cfn=(46)
calls=1 255 
* 459
+2 1
-2 1
+2 1
cfn=(46)
calls=1 255 
* 451
+3 1
-2 1
-1 1
+3 1
cfn=(46)
calls=1 255 
* 428
+2 1
-2 1
+2 1
cfn=(46)
calls=1 255 
* 429
+3 1
-2 1
-1 1
+3 1
cfn=(46)
calls=1 255 
* 469
+2 1
-2 1
+2 1
cfn=(46)
calls=1 255 
* 470
+3 1
-3 1
+3 1
cfn=(46)
calls=1 255 
* 494
+2 1
-2 1
+2 1
cfn=(46)
calls=1 255 
* 495
+2 1
-2 1
+2 1
cfn=(46)
calls=1 255 
* 790
+2 3
-2 1
+2 1
cfn=(52) get_common_cache_info.constprop.0
calls=1 481 
* 215
863 11
fe=(16)
424 6
cfn=(36) get_common_indices.constprop.0
calls=1 -99 
* 71
303 3
+1 2
+1 6
+5 2
+1 6
+5 2
+1 6
429 1
cfn=(40)
calls=1 43 
* 194
+2 1
+2 1
+83 1
-85 2
564 2
+7 2
+2 1
+4 2
+6 2
422 2
-3 1
+14 3
+1 4
+69 1
+10 11
+42 1
+1 1
434 11
+55 3

fn=(36)
325 1
+4 4
+3 3
+5 2
-5 1
+5 1
-5 1
+4 1
+1 1
+1 4
+1 4
+1 3
+1 2
+7 2
+2 5
+5 1
-5 1
+5 1
-5 1
+5 1
-5 2
+5 1
+7 1
-7 4
+7 1
+1 3
+6 1
-6 4
+6 1
fi=(17) ./elf/../sysdeps/unix/sysv/linux/x86/dl-minsigstacksize.h
24 2
+3 2
+1 2
+37 3
+7 1
+2 1
fe=(16)
384 2

fl=(9) ./elf/../elf/dl-sysdep.c
fn=(16) _dl_sysdep_start
85 4
+25 1
-25 6
+25 1
-1 1
+1 195
+11 1
-8 1
+1 1
-4 1
+3 1
+6 1
+2 13
-34 1
-1 1
+36 113
+3 1
+1 1
-5 85
+57 1
-57 1
+58 1
-1 1
-57 3
+29 1
-29 1
+30 1
-1 1
-29 3
+41 1
-41 1
+42 1
-1 1
-41 3
+35 1
-35 1
+36 1
-1 1
-35 3
+32 1
-32 1
+33 1
-1 1
-32 4
+13 1
-13 1
+14 1
-1 1
-13 3
+10 1
-10 1
+11 1
-1 1
-10 3
+7 1
-7 4
224 1
cfi=(10)
cfn=(18) __GI___tunables_init
calls=1 +55 
* 31784
+3 1
cfi=(12) ./elf/./elf/dl-sort-maps.c
cfn=(22) _dl_sort_maps_init
calls=1 +52 
* 32
fi=(13) ./elf/../sysdeps/unix/sysv/linux/dl-sysdep.c
36 2
cfi=(14) ./elf/../sysdeps/unix/sysv/linux/brk.c
cfn=(28) brk
calls=1 -1 
* 8
fi=(6) ./elf/../sysdeps/x86_64/dl-machine.h
215 1
cfi=(15) ./elf/../sysdeps/x86/dl-get-cpu-features.c
cfn=(32) _dl_x86_init_cpu_features
calls=1 37 
* 7211
fe=(9)
+23 3
+1 1
cfi=(22) ./string/../sysdeps/x86_64/multiarch/strlen-vec.S
cfn=(60) strlen
calls=1 41 
* 17
* 1
+2 2
cfi=(23) ./elf/../misc/sbrk.c
cfn=(62) sbrk
calls=1 37 
* 15
* 3
+12 3
+3 5
cfi=(2) ./elf/./elf/rtld.c
cfn=(64) dl_main
calls=1 1320 
* 111244
+2 9

fn=(466) _dl_sysdep_start_cleanup
262 1
+1 1

fl=(14)
fn=(28)
35 1
+1 3
+1 2
+6 1
+1 1

fl=(7) ./elf/./elf/dl-minimal.c
fn=(136) strsep
239 2
+3 4
+2 2
+1 4
+4 33
+7 84
-2 56
+13 1
+4 4
-22 14
+15 14
-15 30

fn=(430) lookup_malloc_symbol
61 8
+3 4
-3 16
+3 4
-3 4
+3 8
-1 4
+1 12
cfi=(78) ./elf/./elf/dl-lookup.c
cfn=(278) _dl_lookup_symbol_x
calls=4 840 
* 2104
+4 28
+1 28
+2 4
fi=(133) ./elf/./dl-sym-post.h
-30 8
+12 12
fe=(7)
+19 20

fn=(12) __rtld_malloc_init_stubs
42 1
+1 2
+1 2
+1 2
+1 2
+1 1

fn=(426) __rtld_malloc_init_real
76 2
+10 1
fi=(132) ./elf/../sysdeps/generic/dl-hash.h
-41 1
fe=(7)
+31 1
fi=(132)
-32 1
fe=(7)
+32 5
+11 1
-1 1
fi=(132)
-43 1
+5 3
+14 4
-17 3
+3 15
+14 20
-17 15
fe=(7)
+46 2
fi=(132)
-24 1
fe=(7)
+22 1
+2 2
fi=(132)
-19 1
fe=(7)
+19 1
cfn=(430)
calls=1 -30 
* 575
+1 3
-1 1
+1 1
cfn=(430)
calls=1 -31 
* 575
+1 3
-1 1
+1 1
cfn=(430)
calls=1 -32 
* 561
+1 3
-1 1
+1 1
cfn=(430)
calls=1 -33 
* 553
+5 1
+1 1
+1 1
+1 1
+1 7

fl=(22)
fn=(60)
41 16
+44 16
+1 16
+1 16
+1 16
+1 16
+1 16
+1 16
+2 16
+2 16
+31 16
+1 16
+1 16
+1 16
+1 16
+1 10
+2 10
+4 6
+1 6
+1 6
+1 6
+1 6
+1 6
+1 6
+1 6
+1 6
+1 6
+1 6
+1 6
+5 48

fl=(77) ./elf/./elf/dl-reloc.c
fn=(270) _dl_relocate_object
194 8
+14 4
-14 36
+16 4
-16 8
+14 4
+2 8
+3 4
-1 4
+1 8
+19 8
+6 20
-34 6
+38 6
+7 12
fi=(6)
71 10
+6 4
+4 3
+14 1
-8 1
+8 2
+20 2
+4 5
-2 2
fe=(77)
288 160
-83 1
fi=(6)
474 4
fe=(77)
205 2
+83 2
fi=(5) ./elf/./elf/do-rel.h
49 1
fe=(77)
288 1
fi=(5)
60 1
-11 2
+11 2
fe=(77)
288 3
-83 3
fi=(6)
474 12
fe=(77)
205 6
+83 6
fi=(5)
49 3
fe=(77)
288 3
fi=(5)
60 3
-11 6
+11 6
fe=(77)
288 8
fi=(5)
49 4
fe=(77)
288 4
fi=(5)
60 4
-11 8
+11 8
-7 1
-1 1
+11 8
fi=(6)
545 28
+4 28
+3 42
+1 14
fi=(5)
63 42
+2 216
+2 120
-4 120
+13 6
+1 8
+1 80
fi=(6)
545 40
+34 80
+2 40
cob=(3)
cfi=(127)
cfn=(406)
calls=1 31 
* 23
cob=(3)
cfi=(126)
cfn=(404)
calls=1 31 
* 7
cob=(3)
cfi=(125)
cfn=(400)
calls=1 33 
* 22
cob=(3)
cfi=(124)
cfn=(398)
calls=1 29 
* 7
cob=(3)
cfi=(122)
cfn=(394)
calls=1 29 
* 23
cob=(3)
cfi=(121)
cfn=(390)
calls=1 33 
* 17
cob=(3)
cfi=(119)
cfn=(386)
calls=1 29 
* 22
cob=(3)
cfi=(118)
cfn=(382)
calls=1 29 
* 17
cob=(3)
cfi=(117)
cfn=(378)
calls=1 29 
* 21
cob=(3)
cfi=(116)
cfn=(376)
calls=1 31 
* 7
cob=(3)
cfi=(115)
cfn=(372)
calls=1 29 
* 17
cob=(3)
cfi=(114)
cfn=(368)
calls=1 31 
* 21
cob=(3)
cfi=(113)
cfn=(364)
calls=1 29 
* 21
cob=(3)
cfi=(111)
cfn=(360)
calls=2 31 
* 38
cob=(3)
cfi=(109)
cfn=(356)
calls=1 29 
* 22
cob=(3)
cfi=(108)
cfn=(354)
calls=1 31 
* 7
cob=(3)
cfi=(107)
cfn=(350)
calls=1 29 
* 17
cob=(3)
cfi=(106)
cfn=(348)
calls=1 43 
* 7
cob=(3)
cfi=(105)
cfn=(346)
calls=1 29 
* 7
cob=(3)
cfi=(104)
cfn=(344)
calls=1 31 
* 7
cob=(3)
cfi=(103)
cfn=(342)
calls=1 66 
* 17
cob=(3)
cfi=(101)
cfn=(338)
calls=2 31 
* 46
cob=(3)
cfi=(99)
cfn=(334)
calls=1 31 
* 17
cob=(3)
cfi=(98)
cfn=(330)
calls=1 30 
* 21
cob=(3)
cfi=(97)
cfn=(326)
calls=2 29 
* 44
cob=(3)
cfi=(96)
cfn=(322)
calls=1 28 
* 21
cob=(3)
cfi=(95)
cfn=(320)
calls=1 61 
* 19
cob=(3)
cfi=(93)
cfn=(316)
calls=2 31 
* 42
cob=(3)
cfi=(91)
cfn=(312)
calls=1 29 
* 22
cob=(3)
cfi=(90)
cfn=(308)
calls=1 29 
* 19
cob=(3)
cfi=(88)
cfn=(304)
calls=1 29 
* 24
cob=(3)
cfi=(86)
cfn=(300)
calls=1 29 
* 19
cob=(3)
cfi=(85)
cfn=(298)
calls=1 65 
* 17
cob=(3)
cfi=(84)
cfn=(296)
calls=1 29 
* 7
cob=(3)
cfi=(82)
cfn=(292)
calls=2 31 
* 42
-36 40
+37 40
fi=(5)
77 121
fe=(77)
288 32
+3 24
+24 4
+3 8
+17 12
+2 32
-98 8
+3 2
+7 4
-9 2
fi=(5)
86 14
+2 14
+12 7
-14 28
+14 14
+10 10
+3 13
+1 3
fi=(6)
529 3
fi=(5)
114 3
fi=(6)
529 6
fi=(5)
114 1198
fi=(6)
529 1198
fi=(5)
114 1198
fi=(6)
529 2396
+5 2402
+1 1201
fi=(5)
113 1201
fi=(6)
535 1201
-5 1201
fi=(5)
113 2402
+7 28
+4 20
+2 10
-73 3
fi=(6)
484 3
fi=(5)
52 3
fi=(6)
484 6
fi=(5)
128 6
+1 3
+1 3
-2 3
+2 3
+3 3
-5 3
+2 3
-2 3
+1 6
+2 3
-2 3
+2 9
+2 6
-5 218
+1 109
+1 109
-2 109
+2 109
+3 109
-5 109
+2 109
-2 109
+1 218
+2 109
-2 109
+2 327
+2 218
+9 110
fi=(6)
262 220
+21 220
+4 220
+7 440
fi=(4) ./elf/../sysdeps/generic/ldsodefs.h
138 282
fi=(6)
294 3619
cfi=(78)
cfn=(278)
calls=91 840 
* 51479
* 819
+2 282
+30 654
450 279
fi=(5)
145 313
-19 336
+32 15
+1 6
fi=(6)
294 2
+22 2
-22 4
fi=(5)
160 6
+3 2
+4 2
-4 2
+4 4
-2 2
-2 2
+2 2
+1 2
-1 4
fi=(6)
294 8
508 2
-1 4
+1 4
+1 2
cfi=(15)
cfn=(438) __x86_cpu_features
calls=1 71 
* 6
cob=(3)
cfi=(80)
cfn=(288)
calls=1 86 
* 28
+1 2
fi=(5)
159 2
fi=(6)
510 2
fi=(5)
159 8
-13 51
fi=(6)
422 51
+4 68
+5 17
+9 17
-9 34
+9 17
fi=(5)
145 66
fi=(6)
296 155
+3 107
-3 107
+3 214
+2 15
+3 6
+1 9
+11 6
+7 3
cob=(3)
cfi=(85)
cfn=(298)
calls=1 65 
* 17
cob=(3)
cfi=(129)
cfn=(414)
calls=1 42 
* 7
cob=(3)
cfi=(115)
cfn=(372)
calls=1 29 
* 17
* 9
+3 6
fi=(5)
135 10
+3 2
fi=(6)
296 91
+3 91
-3 198
+3 4
fi=(5)
50 8
fe=(77)
308 14
fi=(6)
-14 29
fe=(77)
+49 20
+3 4
-3 4
+3 4
+4 8
+1 16
cfi=(128) ./misc/../sysdeps/unix/syscall-template.S
cfn=(410) mprotect
calls=4 117 
* 24
* 8
-63 6
fi=(5)
53 2
175 7
+2 2
+1 2
-1 1
+3 1
-3 4
+3 2
-3 10
+1 10
-1 5
+3 5
-3 20
+3 10
+8 6
fi=(6)
+74 12
+21 12
+4 12
+7 24
fi=(4)
138 18
fi=(6)
294 204
cfi=(78)
cfn=(278)
calls=6 840 
* 3251
* 54
+2 18
+30 36
450 12
fi=(5)
191 18
-16 18
+30 4
fi=(6)
+91 2
+3 2
-3 2
+3 4
-3 2
+3 2
-3 4
fe=(77)

fl=(23)
fn=(62)
37 5
+3 1
+18 2
+4 2
+16 5

fl=(27) ./elf/./elf/dl-minimal-malloc.c
fn=(76) __minimal_malloc
35 120
+1 24
+11 24
-11 48
+11 48
+3 24
-3 24
+3 136
+18 24
+1 24
+2 96
-16 8
+1 4
+2 2
+1 14
cfi=(60) ./misc/../sysdeps/unix/sysv/linux/mmap64.c
cfn=(194) mmap
calls=2 -12 
* 18
* 2
+2 4
+2 4
+2 2
+4 2
-4 4
-23 1
-1 1
+1 1
+1 2
-2 2

fn=(144) __minimal_free
95 3
+2 12

fn=(72) __minimal_calloc
78 8
+4 8
-4 32
+7 8
+1 24
fi=(28) ./elf/../include/rtld-malloc.h
-30 8
cfi=(27)
cfn=(76)
calls=8 -21 
* 235
fe=(27)

fl=(143) ./elf/./elf/dl-runtime.c
fn=(460) _dl_fixup
46 16
+2 10
+1 2
+6 2
fi=(217) ./elf/../sysdeps/x86_64/dl-runtime.h
-27 2
fe=(143)
+21 2
+5 2
+1 2
-6 2
+6 4
+1 2
+2 2
-2 2
+2 2
-2 10
+7 4
+4 4
+4 6
+4 6
+1 8
-7 8
+16 2
-1 2
+1 4
+10 20
cfi=(78)
cfn=(278)
calls=2 840 
* 1363
* 2
+4 10
+10 20
+15 8
+9 6
+26 6
fi=(6)
+70 2
fe=(143)
-66 12

fl=(45) ./string/./string/strdup.c
fn=(140) strdup
40 15
+1 3
cfi=(22)
cfn=(60)
calls=3 * 
* 87
* 3
fi=(218) ./string/../include/rtld-malloc.h
+15 6
cfi=(27)
cfn=(76)
calls=3 -21 
* 75
fe=(45)
-12 6
+4 3
-1 9
+1 6
-1 3
cfi=(29) ./string/../sysdeps/x86_64/multiarch/memmove-vec-unaligned-erms.S
cfn=(80) memcpy
calls=3 212 
* 41

fl=(24) ./elf/../sysdeps/nptl/dl-tls_init_tp.c
fn=(66) __tls_pre_init_tp
53 3
+3 8
+5 1
-5 1
+5 1
+1 1
-6 1
+8 1

fn=(84) rtld_mutex_dummy
42 8
+2 16

fn=(264) __tls_init_tp
68 2
fi=(219) ./elf/../include/list.h
-24 1
fe=(24)
+24 1
fi=(219)
-25 1
fe=(24)
+26 1
+3 1
fi=(219)
-29 1
+1 1
+1 1
+2 1
fe=(24)
+28 4
+1 2
+1 1
+5 2
+5 1
+6 1
-3 1
+3 1
-6 3
+6 1
+13 3
fi=(75) ./elf/../sysdeps/unix/sysv/linux/rseq-internal.h
-72 1
fe=(24)
+72 1
cfi=(10)
cfn=(24)
calls=1 402 
* 20
fi=(75)
-74 3
+2 6
+3 2
+3 1
fe=(24)
+83 3
+7 2
+2 1
+1 1
+1 3

fl=(130) ./elf/./elf/dl-find_object.c
fn=(418) _dl_find_object_init
561 4
+3 1
+2 2
+13 1
cfn=(422) _dlfo_process_initial
calls=1 474 
* 79
+1 1
-1 1
+1 1
fi=(28)
56 1
cfi=(27)
cfn=(76)
calls=1 -21 
* 25
fe=(130)
580 1
fi=(28)
56 1
fe=(130)
582 2
+3 2
+5 1
+1 1
cfn=(422)
calls=1 474 
* 280
+3 3
+10 4
-37 2
cfi=(131) ./elf/./dl-find_object.h
cfn=(420) _dl_find_object_from_map
calls=1 95 
* 68
* 1
+29 2
cfn=(424) _dlfo_sort_mappings
calls=1 -60 
* 80
+3 6
+2 1

fn=(422)
474 2
+3 2
-3 2
+1 2
+3 4
+26 14
+1 6
+1 8
-1 16
+3 28
+3 24
-7 10
+25 2
+2 8
-18 18
+3 6
-1 6
cfi=(131)
cfn=(420)
calls=3 95 
* 189
+2 12

fn=(424)
536 1
+1 2
+3 4
+4 1
+1 1
-1 1
+1 2
-1 1
+1 1
-1 1
+1 6
+1 19
-1 9
+8 6
+1 4
-1 2
-13 4
+14 6
+1 4
-15 4
+17 1

fl=(26) ./elf/./elf/dl-object.c
fn=(70) _dl_new_object
59 42
+3 6
+18 2
+3 2
-3 2
+3 2
cfi=(22)
cfn=(60)
calls=2 -42 
* 52
+4 4
-4 4
+9 4
fi=(28)
-48 6
cfi=(27)
cfn=(72)
calls=2 +34 
* 100
fe=(26)
+48 1
fi=(28)
-48 3
cfi=(27)
cfn=(72)
calls=1 +34 
* 43
* 3
fe=(26)
+51 6
+5 3
-2 3
+6 3
-4 3
+4 3
-5 3
+4 3
+1 3
-1 3
+1 6
cfi=(29)
cfn=(80)
calls=3 212 
* 44
* 6
+2 3
+13 6
+6 1
+2 7
+3 2
-3 14
+3 4
+9 3
-7 3
+4 3
+3 15
+2 1
-2 3
+2 15
-2 45
+16 6
-5 3
+5 3
-6 3
+6 3
-6 3
+6 6
+2 4
+3 4
-3 4
+7 8
+4 4
+8 2
+3 2
+10 3
-10 4
+10 6
+2 2
+21 2
-21 2
cfi=(22)
cfn=(60)
calls=2 41 
* 70
* 6
+17 2
-13 6
+50 6
cfi=(29)
cfn=(128) mempcpy
calls=2 -46 
* 34
* 2
+5 4
+1 4
-1 80
+1 80
+2 4
+3 2
+3 2
+4 27
131 8
-12 4
+34 1
+7 4
+8 8
fi=(28)
56 4
cfi=(27)
cfn=(76)
calls=2 -21 
* 50
* 2
fe=(26)
200 8
64 2
+2 3
+1 2
+10 5
-6 2

fn=(82) _dl_add_to_namespace_list
31 6
+2 3
-2 6
+2 3
-2 6
+2 3
cfi=(24)
cfn=(84)
calls=3 +9 
* 9
+2 23
+3 20
+2 2
+2 2
+4 2
+4 2
-4 4
+1 2
+4 2
-4 2
+1 2
+3 2
-3 2
+3 2
-1 2
cfi=(24)
cfn=(84)
calls=2 -8 
* 6
-4 1
+4 1
-4 2
+1 1
+4 1
-4 1
+1 1
+3 1
-3 1
+3 1
-1 1
cfi=(24)
cfn=(84)
calls=1 -8 
* 3
-5 2

fl=(60)
fn=(194)
47 24
+3 24
+8 48
+2 12

fl=(43) ./string/../sysdeps/x86_64/memcmp.S
fn=(124) bcmp
22 1
+5 1
+1 1
+1 1
+1 1
+1 1
+1 1
+1 1
+1 1
+3 1
+1 1
+1 1
+1 1
+1 1
+1 1
+1 1
+1 1
+1 1
+2 1
+1 1
+17 1
+1 1
+17 1
+1 1
+1 1
+1 1
+1 1
+4 1
+47 1
+1 1
+1 1
+1 1
+1 1
+1 1
+1 1
+1 1
+1 1
+1 1
+1 1
+1 1
+1 1

fl=(53) ./setjmp/../sysdeps/x86_64/setjmp.S
fn=(168) __sigsetjmp
30 3
+2 3
+9 3
+1 6
+1 3
+4 3
+1 3
+1 3
+1 3
+1 3
+2 6
+2 3
+1 3
+1 3
+2 6
+2 3
+8 3
+3 3
+1 3
+7 3
+1 3

fl=(136) ./elf/./elf/dl-call-libc-early-init.c
fn=(440) _dl_call_libc_early_init
27 1
+2 2
-2 1
+6 3
-6 1
+6 3
-6 1
+6 1
cfi=(135) ./elf/./elf/dl-lookup-direct.c
cfn=(436) _dl_lookup_direct
calls=1 +41 
* 177
+4 2
+2 4
+2 1
-1 1
+1 2
-1 1
cob=(3)
cfi=(137)
cfn=(442)
calls=1 -7 
* 1108

fl=(71) ./io/../sysdeps/unix/sysv/linux/pread64_nocancel.c
fn=(232) __pread64_nocancel
25 8
+1 16
+1 4

fl=(19)
fn=(46)
255 24
-5 24
+16 12
-16 72
+13 12
+1 36
-3 24
+11 60
+5 24
+2 12
+1 12
-1 12
+5 48
cfn=(48) intel_check_word.constprop.0
calls=12 123 
* 3876
+2 24
+3 60
cfn=(48)
calls=12 123 
* 1156
+2 24
+3 5
cfn=(48)
calls=1 123 
* 20
+2 2
+3 5
cfn=(48)
calls=1 123 
* 255
+2 2
-35 3
+39 3
+5 96

fn=(48)
123 78
-4 78
+10 104
-10 26
+10 52
+2 52
+71 200
-71 102
+2 63
+2 126
+8 126
+51 102
+22 51
fi=(20) ./elf/../bits/stdlib-bsearch.h
28 51
-1 102
+4 102
+1 51
fe=(19)
+78 102
fi=(20)
-79 76
+1 38
fe=(19)
+78 76
+3 345
fi=(20)
-84 820
+2 512
+1 256
fe=(19)
+78 512
+15 15
246 104
fi=(20)
37 63
-8 151
fe=(19)
155 36
+3 36
-6 54
+3 14
+9 14
+23 19
-32 57
+3 57
+4 50
+2 100
+2 50
+2 36
+4 11
+2 22
+6 14
+3 8
+1 12
-8 4
+2 4
-1 4
-1 4
+2 8
-2 4
+3 12
-2 12
+2 8
-10 24
+1 10
+11 12
-26 4
+9 4
+23 2
-32 6
+3 6
+4 8
+2 16
+2 8
-11 3
+7 6
+2 12

fn=(52)
481 1
+17 1
-17 4
+16 1
-16 1
+15 1
-15 3
+18 1
-1 1
+9 2
+3 3
+11 1
-11 1
-5 1
+21 3
+4 2
681 4
+1 5
+4 2
+9 2
-2 1
+2 2
-1 1
+1 3
535 6
+3 8
+7 2
-7 9
+7 6
+3 26
+14 2
+4 1
+3 1
+1 1
-4 2
+3 3
+6 2
-37 6
+15 2
+4 1
+1 1
-1 2
+18 2
-68 6
+74 4
+8 7
+2 2
+4 3
+2 1
+2 5
-4 1
+16 1
-16 3
+21 2
-21 4
+3 1
+1 4
-4 1
+6 4
+3 2
+5 1
+2 2
+1 1
+1 1
-2 2
+1 1
-19 5
+46 2
+1 1
+1 2
+2 2
-1 3
-23 2
+7 1
+2 2
-16 1
+22 1
-6 2
+1 1
+5 1

fl=(142)
fn=(458)
67 2
+5 2
+3 2
+2 2
+10 2
+6 2
+1 2
+1 2
+1 2
+1 2
+1 2
+1 2
+4 2
+1 2
+3 2
+1 2
+2 2
+1 2
+1 2
+1 2
+1 2
+1 2
+2 2
+7 2
+1 2
+1 2
cfi=(143)
cfn=(460)
calls=2 -80 
* 1555
+1 2
+5 2
+1 2
+1 2
+2 2
+1 2
+1 2
+1 2
+1 2
+1 2
+1 2
+2 2
+2 2
+4 2
+2 2

fl=(64) ./io/../sysdeps/unix/sysv/linux/close_nocancel.c
fn=(204) __GI___close_nocancel
25 3
+1 12
+1 3

fl=(131)
fn=(420)
95 8
+1 8
+1 4
+6 20
+1 119
+1 82
+2 12
+5 4

fl=(134) ./elf/../sysdeps/nptl/dl-mutex.c
fn=(434) __rtld_mutex_init
30 2
+10 3
-10 1
+10 2
-10 1
+7 1
+3 2
cfi=(135)
cfn=(436)
calls=1 +34 
* 175
+4 2
+1 8
+2 3
-2 1
+2 3
cfi=(135)
cfn=(436)
calls=1 +27 
* 198
+4 2
+1 6
+1 2
-1 1
+1 2

fl=(12)
fn=(246) dfs_traversal.part.0
140 64
+8 8
-2 8
+2 16
+2 20
+3 20
-3 40
+9 16
+15 24
+1 8
+1 48
-17 12

fn=(244) _dl_sort_maps
288 20
+8 2
-8 2
+8 4
+4 16
-79 4
-37 2
+37 2
-36 8
+1 2
-1 2
+1 2
-1 4
+1 6
-1 6
+1 6
-1 12
+36 30
+8 6
-3 2
+2 2
+1 2
-8 2
+5 2
+3 8
+2 18
+2 8
-90 40
cfn=(246)
calls=8 -3 
* 284
+93 16
+18 4
+13 2
+33 2
-26 8
cfi=(29)
cfn=(80)
calls=2 -62 
* 22
* 2

fn=(22)
279 2
+1 4
cfi=(10)
cfn=(24)
calls=1 402 
* 20
+2 3
-1 1
+2 2

fl=(36) ./posix/../sysdeps/unix/syscall-template.S
fn=(102) uname
120 5
+2 1

fl=(39) ./elf/../sysdeps/x86_64/dl-hwcaps-subdirs.c
fn=(110) _dl_hwcaps_subdirs_active
29 1
fi=(18)
+2 1
fe=(39)
+7 1
fi=(18)
-7 2
-1 2
fe=(39)
+22 1
fi=(18)
-20 3
+4 1
fe=(39)
+2 1
fi=(18)
-2 2
+3 4
+1 4
+5 1
fe=(39)
-7 1
fi=(18)
+7 3
fe=(39)
-2 1
fi=(18)
+5 2
+1 3
+2 4
+1 2
+1 2
+6 1
fe=(39)
-11 1
fi=(18)
+11 1
-3 2
fe=(39)

fl=(59) ./io/../sysdeps/unix/sysv/linux/fstatat64.c
fn=(192) fstatat
153 26
-55 26
+70 30
+1 4
-2 18
+1 18

fl=(50) ./string/../sysdeps/x86_64/strcspn.S
fn=(158) strcspn
25 1
+2 1
+7 1
+1 1
+2 1
+1 1
+1 1
+1 1
+1 33
+3 3
+7 1
+1 1
+1 1
+1 1
+2 1
+1 1
+1 1
+1 1
+2 1
+1 1
+1 1
+9 3
+12 1
+2 1
+1 1
+1 1
-4 12
+2 12
+1 12
+1 12
+2 13
+1 13
+1 13
+2 13
+1 13
+1 13
+2 13
+1 13
+1 13
+2 1
+1 1
+1 1
+2 1
+7 1
+4 1

fl=(15)
fn=(438)
71 1
-32 3
+32 2

fn=(32)
37 1
+2 3
+2 1
cfi=(16)
cfn=(34)
calls=1 399 
* 7206

fl=(32) ./string/../sysdeps/x86_64/strcmp.S
fn=(90) strcmp
108 176
+33 176
+1 176
+2 176
+1 176
+21 176
+1 176
+1 154
+1 154
+1 134
+1 134
+1 134
+1 134
+21 134
+1 134
+1 134
+1 134
+1 134
+1 134
+1 134
+5 4
+1 12
+9 4
+1 4
+1 4
+1 4
+1 4
+1 4
+1 4
+1 4
-7 42
+1 42
+1 42
+1 42
+1 42
+1 42
+1 42
+1 42
+1 42
+1 25
+1 25
+1 25
+2 25
+1 25
+1 25
+1 25
+1 25
+1 25
-5 17
+1 17
+1 17
+1 17
+1 17
+1 17
+10 4
+1 4
+1 4
+2 4
+6 4
+1 4
+1 4
+1 4
+1 4
+5 4
+2 3
+1 3
+1 6
+8 3
+1 3
+3 3
+1 3
+1 3
+1 3
+1 3
+1 3
818 1
+1 1
+1 1
+1 1
+1 1
+2 1
+1 1
+1 1
+1 1
+1 1
+1 1
+1 1
+1 1
+4 1
+1 1
+1 1
+6 1
+1 1
+1 2
+4 1
+1 1
+3 1
+1 1
+1 1
+3 1
+1 1
+1 1
+6 1
+1 1
+1 1
+1 1
+1 1
+1 1
+72 1
+1 1
+1 1
+1 1
+1 1
+2 1
+1 1
+1 1
+1 1
+1 1
+1 1
+1 1
+1 1
+4 1
+1 1
+1 1
+6 1
+1 1
+1 2
+4 1
+1 1
+3 1
+1 1
+1 1
+3 1
+1 1
+1 1
+6 1
+1 1
+1 1
+1 1
+1 1
+1 1
+72 6
+1 6
+1 6
+1 6
+1 6
+2 6
+1 6
+1 6
+1 6
+1 6
+1 6
+1 6
+1 1
+4 1
+1 1
+1 1
+6 1
+1 1
+1 2
+4 1
+1 1
+3 1
+1 1
+1 1
+3 1
+1 1
+1 1
+6 1
+1 1
+1 1
+1 1
+1 1
+1 1
+7 1
+1 1
+2 1
+1 1
+2 1
+1 1
+1 1
+3 1
+1 1
+1 1
+6 1
+1 1
+1 1
+1 1
+1 1
+1 1
+41 4
+1 4
+1 4
+1 4
+1 4
+2 4
+1 4
+1 4
+1 4
+1 4
+1 4
+1 4
+1 2
+4 2
+1 2
+1 2
+6 2
+1 2
+1 4
+4 2
+1 2
+3 2
+1 2
+1 2
+3 2
+1 2
+1 2
+6 2
+1 2
+1 2
+1 2
+1 2
+1 2
+72 2
+1 2
+1 2
+1 2
+1 2
+2 2
+1 2
+1 2
+1 2
+1 2
+1 2
+1 2
+1 2
+4 2
+1 2
+1 2
+6 2
+1 2
+1 4
+4 2
+1 2
+3 2
+1 2
+1 2
+3 2
+1 2
+1 2
+6 2
+1 2
+1 2
+1 2
+1 2
+1 2
+72 1
+1 1
+1 1
+1 1
+1 1
+2 1
+1 1
+1 1
+1 1
+1 1
+1 1
+1 1
+1 1
+4 1
+1 1
+1 1
+6 1
+1 1
+1 2
+4 1
+1 1
+3 1
+1 1
+1 1
+3 1
+1 1
+1 1
+6 1
+1 1
+1 1
+1 1
+1 1
+1 1
1693 6
+1 6
+1 6
+1 6
+1 6
+2 6
+1 6
+1 6
+1 6
+1 6
+1 6
+1 6
+1 5
+4 5
+1 5
+1 5
+6 5
+1 5
+1 10
+4 5
+1 5
+3 5
+1 5
+1 5
+3 5
+1 5
+1 5
+6 5
+1 5
+1 5
+1 5
+1 5
+1 5
+72 3
+1 3
+1 3
+1 3
+1 3
+2 3
+1 3
+1 3
+1 3
+1 3
+1 3
+1 3
1943 2
+1 2
+1 2
+1 2
+1 2
+2 2
+1 2
+1 2
+1 2
+1 2
+1 2
+1 2
+1 1
+4 1
+1 1
+1 1
+6 1
+1 1
+1 2
+4 1
+1 1
+3 1
+1 1
+1 1
+3 1
+1 1
+1 1
+6 1
+1 1
+1 1
+1 1
+1 1
+1 1
+72 16
+1 16
+1 16
+1 16
+1 16
+2 16
+1 16
+1 16
+1 16
+1 16
+1 16
+1 16
+2 6
+4 6
+1 6
+1 6
+6 6
+1 6
+2 12
+4 6
+1 6
+3 6
+1 6
+1 6
+3 6
+1 6
+1 6
+6 6
+1 6
+1 6
+1 6
+1 6
+1 6
+74 23
+2 23
+1 23
+1 23
+1 23
-3 23
+1 23
+1 23
+1 23
+1 50
+5 25
+6 25
+1 25
+8 25
+1 25
-16 151
+6 151
+1 151
+8 151
+1 151

fl=(46) ./elf/./elf/dl-debug.c
fn=(152) _dl_debug_state
116 2
+1 2

fn=(146) _dl_debug_initialize
56 1
+3 2
+4 1
-6 1
+4 1
+2 2
+22 2
+5 2
+1 1
+1 1
-1 1
-1 1
+5 2
+4 2
+8 2
-43 2
+32 6

fn=(186) _dl_debug_update
38 3
+3 3
-1 6
+4 6
+4 3

fl=(66) ./elf/./elf/dl-deps.c
fn=(214) openaux
61 6
+7 2
-4 4
+1 2
-1 16
cfi=(31) ./elf/./elf/dl-load.c
cfn=(172) _dl_map_object
calls=2 2022 
* 6633
* 2
+5 4

fn=(210) _dl_map_object_deps
159 5
+1 3
-1 1
+1 1
-1 2
+1 1
-1 3
+1 1
-1 4
+1 12
-8 1
-7 1
+15 1
-14 1
+6 1
+8 1
-15 1
+7 1
-8 1
+1 1
+7 1
-7 1
+31 3
-28 3
-2 1
+31 1
-33 2
+2 2
+30 2
-30 1
-1 4
+7 4
+24 2
-32 1
+60 1
-60 2
+36 1
fi=(73) ./elf/../include/scratch_buffer.h
77 3
fe=(66)
198 1
fi=(73)
78 1
fe=(66)
200 2
+98 1
198 1
+4 1
+7 1
+4 4
-4 3
+4 12
+11 12
-18 2
+18 4
433 12
+2 2
+3 2
-3 4
+3 2
fi=(28)
56 2
cfi=(27)
cfn=(76)
calls=2 -21 
* 50
* 2
fe=(66)
439 4
+6 2
+1 10
cfi=(29)
cfn=(80)
calls=2 212 
* 22
+1 10
cfi=(29)
cfn=(80)
calls=2 212 
* 22
+4 2
-1 2
+5 16
204 9
458 9
-1 4
+1 8
199 3
+27 10
+5 2
+6 2
-5 2
-1 2
+2 4
+4 8
-31 2
+31 2
+1 6
+6 8
cfi=(31)
cfn=(212) _dl_dst_count
calls=2 -6 
* 108
* 6
+4 4
-2 2
+2 4
cob=(2)
cfi=(51)
cfn=(164)
calls=2 0 
* 6791
+1 4
+9 2
+2 4
+5 10
+6 2
+2 2
-8 4
+3 2
+1 2
+1 2
+1 2
+4 10
+4 6
+1 3
-43 200
+1 96
+44 144
-38 4
fi=(73)
85 3
fe=(66)
464 6
+1 1
+3 4
+11 3
fi=(28)
56 1
cfi=(27)
cfn=(76)
calls=1 -21 
* 25
* 1
fe=(66)
481 2
+5 3
+1 1
-1 2
+4 2
-2 1
+2 1
-2 2
+11 3
+5 3
-14 9
-2 3
+4 3
+7 3
-2 6
-5 1
+7 1
-2 2
+2 2
+5 1
-14 6
+17 2
+52 3
+37 3
+15 1
-11 1
+11 1
-14 2
+20 1
-1 3
+1 3
-1 5
cfi=(12)
cfn=(244)
calls=1 288 
* 260
+5 1
+3 1
-1 1
+2 2
+7 3
+3 3
+3 8
214 25
+3 2
fi=(73)
-86 6
cfi=(72) ./malloc/./malloc/scratch_buffer_set_array_size.c
cfn=(238) __libc_scratch_buffer_set_array_size
calls=2 30 
* 40
fe=(66)
+86 4
+4 6
611 2
cfi=(29)
cfn=(80)
calls=1 212 
* 11
* 1
-53 2
160 2
380 6

fl=(25) ./elf/./elf/dl-environ.c
fn=(68) _dl_next_ld_env_entry
28 3
+1 3
+3 70
+13 60
-13 120
+2 124
+1 38
+5 2
-3 2
+3 2
+2 2
+7 1

fl=(135)
fn=(436)
74 30
+2 3
-2 3
+4 3
-4 3
+2 3
+2 9
+37 3
-37 9
+1 6
+2 12
+3 25
-52 3
+54 6
-54 3
+54 3
-54 9
+1 9
+2 6
+1 6
+12 12
+3 3
+2 3
-2 3
+2 9
cfi=(32)
cfn=(90)
calls=3 +55 
* 207
* 6
+4 6
+1 3
-1 3
+1 18
+1 9
cfi=(32)
cfn=(90)
calls=3 +49 
* 75
* 6
+57 27
-23 6

fl=(8) ./elf/./elf/dl-setup_hash.c
fn=(14) _dl_setup_hash
25 4
+3 4
-3 4
+3 8
+3 12
+1 8
+2 4
-1 4
+3 12
+1 4
+4 4
-3 4
+7 4
-4 4
-3 4
+2 8
+5 4
-5 4
-2 4
+7 4
-5 4
+10 4

fl=(47) ./elf/../elf/dl-tls.c
fn=(262) _dl_allocate_tls_storage
422 2
+13 1
-13 2
+2 1
+12 1
fi=(28)
56 1
cfi=(27)
cfn=(76)
calls=1 -21 
* 53
fe=(47)
437 3
+8 2
fi=(28)
44 1
fe=(47)
445 2
+1 1
+4 321
+19 1
-99 1
+4 1
+1 1
fi=(28)
44 1
cfi=(27)
cfn=(72)
calls=1 +34 
* 36
fe=(47)
376 2
+3 1
+6 2
+90 5

fn=(412) _dl_add_to_slotinfo
1015 8
+6 1
+3 1
+1 1
+4 3
+34 2
+3 3
+1 3
+3 6

fn=(416) _dl_allocate_tls_init
528 10
+1 2
+4 1
+6 1
-6 1
+6 1
cfi=(24)
cfn=(84)
calls=1 42 
* 3
+3 3
+12 1
-18 1
-1 1
+43 3
-19 13
+9 3
+1 2
+6 3
+1 1
+2 2
-2 1
+6 1
-4 2
+4 1
-4 2
+3 2
+4 2
+1 4
+2 2
+1 2
+17 1
-8 1
+8 1
+2 3
cfi=(29)
cfn=(128)
calls=1 199 
* 13
* 5
cfi=(44) ./string/../sysdeps/x86_64/multiarch/memset-vec-unaligned-erms.S
cfn=(132) memset
calls=1 125 
* 25
-49 1
+55 1
-55 4
+6 4
+55 2
cfi=(24)
cfn=(84)
calls=1 42 
* 3
+3 2
+3 9

fn=(236) _dl_assign_tls_modid
131 2
+3 1
+13 1
-13 1
+52 1
+2 1
+3 1
+1 2

fn=(260) _dl_determine_tlsoffset
221 8
+6 3
+3 2
+36 3
+2 1
-2 1
-2 1
-40 1
-1 1
-1 1
+46 2
+23 3
+3 1
-3 4
+2 2
-2 1
-25 1
+20 1
-20 5
+2 2
+3 1
-1 1
+5 2
-5 1
+1 1
-1 1
+3 2
+2 3
+32 3
-1 1
+1 4
+2 2
-2 2
+53 8

fn=(148) _dl_count_modids
197 1
+2 2
+1 1
+15 2

fn=(258) _dl_tls_static_surplus_init
97 2
+4 1
-4 2
+4 1
-4 2
+4 3
cfi=(10)
cfn=(24)
calls=1 402 
* 21
* 1
+1 4
cfi=(10)
cfn=(24)
calls=1 402 
* 21
* 1
+8 1
-8 1
+6 2
+2 3
+3 1
+2 1
-32 3
+34 3
+1 5

fl=(76) ./elf/../sysdeps/x86/dl-cet.c
fn=(268) _dl_cet_check
252 8
42 1
+9 1
-10 1
+4 1
-4 1
+3 1
+4 2
+1 2
-1 2
+14 2
254 8

fl=(31)
fn=(138) expand_dynamic_string_token
385 14
241 2
385 2
241 2
385 2
241 2
cfi=(42) ./string/../sysdeps/x86_64/multiarch/../strchr.S
cfn=(118) index
calls=2 23 
* 72
+3 4
410 2
-11 2
+11 12
-11 2
cfi=(45)
cfn=(140)
calls=2 40 
* 168

fn=(216) open_path
1870 8
+1 1
-1 6
+1 1
+6 2
+5 16
-7 2
+7 1
-8 1
+8 2
+3 2
+9 6
+7 3
+1 1
-1 1
cfi=(29)
cfn=(128)
calls=1 199 
* 13
-12 1
+12 1
+59 5
-58 4
+3 20
+5 80
cfi=(29)
cfn=(128)
calls=10 199 
* 134
* 40
cfi=(29)
cfn=(128)
calls=10 199 
* 130
+3 20
+6 30
+3 60
cfn=(218) open_verify.constprop.0
calls=10 1568 
* 540
* 10
+2 30
+2 20
+65 8
+7 2
-2 2
+2 2
+3 3
-13 1
+27 9
1902 58
+29 20
+1 70
+6 20
+2 10
-2 10
+2 20
cfi=(67) ./io/../sysdeps/unix/sysv/linux/stat64.c
cfn=(220) stat
calls=10 28 
* 158
* 10
+3 10
-3 20
+1 1
+2 2
-2 1
+2 26
-61 2

fn=(218)
1568 121
+39 33
+19 44
cfi=(55) ./io/../sysdeps/unix/sysv/linux/open64_nocancel.c
cfn=(178) __open_nocancel
calls=11 28 
* 239
* 11
+2 22
+11 1
+6 2
-5 1
+5 8
cfi=(56) ./io/../sysdeps/unix/sysv/linux/read_nocancel.c
cfn=(180) __read_nocancel
calls=1 25 
* 6
+2 2
+2 2
+2 2
+6 2
+17 11
fi=(28)
50 2
cfi=(27)
cfn=(144)
calls=1 +45 
* 5
fe=(31)
1856 99
1674 3
+74 2
+5 2
+2 4
+6 2
+6 1
+1 1
-1 3
+1 1
-1 1
+1 2
+21 3
+31 1
-31 1
1633 1
1820 2
-31 48
+1 24
+1 8
+4 8
+6 4
+1 28
+10 12
cfi=(71)
cfn=(232)
calls=2 25 
* 14
* 16
+8 18
+15 2
+6 1
-3 1
+1 1
+1 1
+1 2
-3 1
+1 1
+1 1
+2 1
-3 3
-1 1
+4 2
-19 18
+3 2
-4 2
+4 4
+5 1
+1 4
-60 13
+1 3
-1 1
+1 3
cfi=(71)
cfn=(232)
calls=1 25 
* 7
* 3
+16 5
1612 20
+62 3
1802 4
-30 2

fn=(134) fillin_rpath.isra.0
468 7
+4 1
-4 8
+6 3
cfi=(7)
cfn=(136)
calls=1 239 
* 240
* 3
cfi=(7)
cfn=(136)
calls=1 239 
* 8
* 6
+7 2
+2 3
cfn=(138)
calls=1 -98 
* 118
* 1
+4 2
+5 2
cfi=(22)
cfn=(60)
calls=1 41 
* 17
* 1
+1 2
+7 5
+9 15
+1 8
+55 2
fi=(28)
50 2
cfi=(27)
cfn=(144)
calls=1 +45 
* 5
+1 1
fe=(31)
528 2
+4 3
fi=(28)
56 1
cfi=(27)
cfn=(76)
calls=1 -21 
* 25
* 1
fe=(31)
534 2
+5 1
+1 2
-1 1
-1 1
+2 1
cfi=(29)
cfn=(128)
calls=1 199 
* 13
+3 1
-3 1
+1 1
+2 1
+6 1
+1 1
-1 3
+1 11
+1 1
-1 1
+1 2
-1 2
+1 1
-1 1
+1 2
-1 6
+1 1
-1 1
+1 1
-1 3
+1 1
-1 2
+3 1
+1 1
-1 1
+1 2
+1 1
+6 2
+1 2
-57 4
+66 1
+3 8
-46 4

fn=(172)
2022 30
+8 6
+1 12
+3 42
+5 49
+2 21
cfi=(54) ./elf/./elf/dl-misc.c
cfn=(174) _dl_name_match_p
calls=7 68 
* 810
* 14
+4 12
+1 18
+4 2
-1 10
+1 2
+1 2
-1 2
+1 2
cfi=(32)
cfn=(90)
calls=2 108 
* 86
* 4
2329 27
2068 2
+1 2
-1 2
+1 2
-1 2
+1 2
-1 4
-44 2
+53 6
+17 4
-2 2
+2 2
cfi=(42)
cfn=(118)
calls=2 23 
* 48
* 4
2260 2
-1 3
cfn=(138)
calls=1 385 
* 168
+2 1
-3 1
+1 1
+2 2
+4 5
cfn=(176) open_verify.constprop.1
calls=1 1568 
* 283
+3 2
-3 1
+3 1
+12 4
+46 1
+1 3
-1 1
+1 9
cfn=(184) _dl_map_object_from_fd
calls=1 944 
* 1819
-1 1
+1 3
-1 1
+1 9
cfn=(184)
calls=1 944 
* 2200
* 6
2098 2
cfi=(22)
cfn=(60)
calls=1 41 
* 17
* 2
+2 2
+7 4
+51 11
cfn=(216)
calls=1 1870 
* 1656
+6 1
-6 1
+6 4
682 1
2165 1
682 2
2252 2
+28 4
+2 4
2111 1
696 3
2111 1
+1 1
696 2
2116 3
682 1
2117 1
682 2
2173 1
+14 2
+2 3
+4 2
cfi=(68) ./elf/./elf/dl-cache.c
cfn=(222) _dl_load_cache_lookup
calls=1 416 
* 1375
* 1
+2 2
+4 2
+8 3
+23 6
cfn=(218)
calls=1 1568 
* 396
+4 2
-4 1
+4 1
+1 2
2131 5
+1 10
682 1
2133 1
682 2
2157 3
+1 2
-16 2

fn=(88) _dl_process_pt_gnu_property
868 3
+8 3
-8 3
+8 3
-6 3
+12 6
-13 3
+13 3
-13 3
+13 6
+3 9
+1 6
+1 6
+43 3

fn=(176)
1568 11
+39 3
+19 4
cfi=(55)
cfn=(178)
calls=1 28 
* 19
* 1
+2 2
+11 1
+6 2
-5 1
+5 8
cfi=(56)
cfn=(180)
calls=1 25 
* 6
+2 2
+2 2
+2 2
+6 2
+17 11
fi=(28)
50 2
cfi=(27)
cfn=(144)
calls=1 +45 
* 5
fe=(31)
1856 9
1674 3
+74 2
+5 2
+2 4
+6 2
+6 1
+1 1
-1 3
+1 1
-1 1
+1 2
+1 2
+20 3
+31 1
-31 1
1633 1
1820 2
-31 66
+1 28
+1 8
+4 8
+25 12
+3 18
+3 2
-4 2
+4 4
+6 4
-36 6

fn=(184)
944 20
+10 2
-10 8
+10 2
cfi=(46)
cfn=(186)
calls=2 38 
* 14
* 2
+7 8
+85 8
+10 4
+7 14
cfi=(26)
cfn=(70)
calls=2 59 
* 766
* 2
+1 4
+11 4
+5 2
-5 2
+1 4
+1 2
+2 2
-2 2
+2 4
+1 6
+1 2
+19 2
-2 1
+2 12
-2 1
+2 30
+10 8
+85 2
-58 2
-34 2
-1 2
+93 2
+6 2
-64 4
+9 2
+55 4
-55 2
-42 2
+97 4
1101 2
-5 4
+15 60
+20 2
+1 1
-22 69
+1 127
1213 4
1110 2
1213 4
1110 6
1218 6
+10 4
+1 2
-1 2
+1 2
-1 6
+1 6
-1 6
+1 6
-1 18
1076 4
1235 4
+10 8
+7 4
fi=(61) ./elf/./dl-map-segments.h
96 2
fe=(31)
1252 6
fi=(61)
28 2
fe=(31)
1252 2
fi=(61)
96 2
fe=(31)
1252 2
fi=(61)
28 4
+1 16
cfi=(60)
cfn=(194)
calls=2 +18 
* 18
+74 4
-1 2
-73 2
+74 2
+3 4
+1 2
+2 2
-3 2
+1 2
+2 2
+17 2
+2 2
fi=(62) ./elf/./dl-load.h
-37 16
+1 6
+2 16
fi=(61)
+56 32
+8 2
-2 2
+1 2
+2 2
-1 2
+1 2
-1 6
+8 4
+3 4
+8 14
cfi=(44)
cfn=(132)
calls=2 -52 
* 237
+1 4
+5 4
+12 8
-59 40
+2 12
+3 6
-3 12
+2 48
cfi=(60)
cfn=(194)
calls=6 -93 
* 54
* 18
fi=(57) ./elf/../sysdeps/posix/dl-fileid.h
37 6
cfi=(58) ./io/../sysdeps/unix/sysv/linux/fstat64.c
cfn=(190) fstat
calls=2 -8 
* 30
* 4
fe=(31)
999 4
fi=(57)
40 6
fe=(31)
999 2
fi=(57)
40 2
fe=(31)
999 23
+1 10
fi=(57)
49 12
fe=(31)
1515 18
1018 4
+66 13
+1 2
-1 1
+1 1
-1 1
+1 1
cfi=(71)
cfn=(232)
calls=1 25 
* 7
* 2
+26 26
+26 48
+10 8
-1 8
-1 8
+2 8
+2 8
-2 8
-1 48
+2 16
+1 8
+2 8
-3 8
+3 48
+2 16
+4 16
+1 30
+4 6
+1 6
-1 6
+1 42
-18 6
+28 6
-11 2
+1 2
-1 2
+1 14
-18 2
+28 2
-56 4
+7 2
+2 2
-2 2
+1 2
+1 2
-1 4
+1 16
+50 3
+5 1
-1 2
+5 1
-5 2
-56 1
+61 4
+1 1
+3 1
-3 1
+8 4
+15 4
+1 2
+58 8
+1 6
fi=(63) ./elf/./elf/get-dynamic-info.h
39 4
+6 2
-2 2
+2 4
+9 2
+5 2
+3 2
+2 2
-3 2
-3 2
-3 28
+13 8
-23 32
+23 29
-23 116
+4 74
+5 40
+2 10
+3 8
+13 8
+10 7
+1 8
+1 8
+1 8
+2 8
+5 7
+1 7
+1 8
+3 6
+5 2
+7 4
+1 6
+22 6
+5 2
+2 2
+2 2
+2 2
+4 6
+2 3
+1 2
+9 2
+6 2
+4 4
fe=(31)
1275 4
+1 4
+2 4
+10 6
+19 6
+2 10
+52 6
+1 2
+6 16
+1 42
+6 8
cfn=(88)
calls=2 868 
* 40
-7 54
+1 25
+6 25
-6 50
fi=(30) ./elf/../sysdeps/x86/dl-prop.h
95 16
213 2
-1 4
105 4
212 2
105 2
-2 2
-3 2
+2 2
+3 2
-4 4
+92 8
-1 2
-87 6
+3 6
+1 4
+1 4
+4 6
+4 6
+3 6
+1 4
+4 2
+1 8
+58 6
+2 8
-56 6
+1 3
+3 6
+3 3
+1 12
+5 6
+2 6
+5 6
+14 3
-1 6
+2 2
-1 4
fe=(31)
1380 4
cfi=(64)
cfn=(204)
calls=2 25 
* 12
* 4
+13 4
+2 8
+2 4
+16 4
cfi=(8)
cfn=(14)
calls=2 25 
* 58
+4 4
+1 4
+17 4
+1 1
+3 1
+5 1
-5 1
+5 1
-5 1
+5 1
-5 1
+5 1
+10 4
+7 12
+10 4
+1 4
+5 2
cfi=(47)
cfn=(236)
calls=1 131 
* 10
+7 6
cfi=(26)
cfn=(82)
calls=2 31 
* 94
+3 8
+23 14
+1 6
cfi=(49)
cfn=(206)
calls=2 76 
* 10
* 2
fi=(62)
95 5
+2 1
-1 2
+1 1
-1 1
+1 1
-1 1
+1 1
-1 2
+3 4
fe=(31)
1506 10
fi=(30)
198 8
+2 2
+1 2
+2 2
-3 6
fe=(31)
1368 6
fi=(63)
62 8
+2 8
fe=(31)
1084 2
fi=(61)
187 8
cfi=(60)
cfn=(194)
calls=1 47 
* 9
+3 2
fe=(31)
1462 6
+2 1
-1 5
+1 1
-1 1
+1 1
-1 1
cfi=(32)
cfn=(90)
calls=1 108 
* 25
* 2
+2 5
1275 2
fi=(57)
49 3
fi=(30)
170 3
-39 2
fe=(31)

fn=(106) _dl_init_paths
706 11
+14 1
-14 2
+14 2
cfi=(38) ./elf/./elf/dl-hwcaps.c
cfn=(108) _dl_important_hwcaps
calls=1 175 
* 1847
fi=(28)
56 1
fe=(31)
720 1
fi=(28)
56 1
cfi=(27)
cfn=(76)
calls=1 -21 
* 25
fe=(31)
725 1
+2 2
+7 2
+1 2
-1 3
+5 3
fi=(28)
56 1
cfi=(27)
cfn=(76)
calls=1 -21 
* 25
fe=(31)
739 1
+2 4
+17 1
-10 1
+19 1
-11 1
-9 1
+9 1
+12 2
-10 1
+3 2
+9 1
-7 1
+4 1
+3 2
-3 1
-8 1
+3 1
+8 1
-3 1
+1 16
cfi=(44)
cfn=(132)
calls=4 125 
* 72
+2 18
-14 3
+10 3
+4 3
-12 3
-2 3
+2 3
+4 3
-3 3
+3 3
+1 3
-2 3
+5 6
+1 3
-4 3
+4 3
+15 1
+3 1
-15 1
+7 1
-1 1
+9 2
+2 4
+2 3
+36 5
+2 2
cfi=(22)
cfn=(60)
calls=1 41 
* 17
* 9
-19 1
-2 1
+2 2
+19 9
cfi=(29)
cfn=(80)
calls=1 212 
* 11
* 1
+5 4
-1 2
+2 1
+1 2
-2 4
+1 13
+1 26
-2 52
+5 1
fi=(28)
56 1
cfi=(27)
cfn=(76)
calls=1 -21 
* 25
fe=(31)
836 1
fi=(28)
56 1
fe=(31)
838 2
+6 6
cfn=(134)
calls=1 468 
* 587
+3 3
+6 1
+4 8
-35 2
+5 2

fn=(212)
238 4
+3 2
-3 4
+7 2
-7 4
+3 2
cfi=(42)
cfn=(118)
calls=2 23 
* 72
+3 4
+20 14

fl=(74) ./elf/./elf/dl-version.c
fn=(252) _dl_check_all_versions
361 6
+4 5
-2 2
+4 24
cfn=(254) _dl_check_map_versions
calls=4 155 
* 3429
-2 4
+2 12
-1 4
-1 8
+5 7

fn=(254)
155 32
+15 4
-15 8
+15 8
+2 20
+2 4
+1 4
-1 4
+1 4
+2 8
+3 4
-16 2
-8 2
+28 2
-4 2
+4 4
+16 2
36 4
200 2
36 10
+1 5
-1 10
+2 21
cfi=(54)
cfn=(174)
calls=7 +30 
* 805
* 14
208 6
+5 2
-71 4
+71 6
+8 2
-2 2
-2 4
+4 2
-4 12
+4 4
-2 4
-2 8
+4 4
-4 39
56 24
+8 18
+6 18
+16 6
+1 12
+2 6
+5 54
+14 114
+12 153
+4 51
-30 102
224 24
+3 18
+5 4
-11 4
110 6
+3 24
cfi=(32)
cfn=(90)
calls=6 -5 
* 198
* 26
236 8
+14 4
+3 8
+10 42
-7 168
+3 126
-3 8
+3 6
+8 6
+6 3
fi=(28)
44 3
fe=(74)
273 3
fi=(28)
44 3
cfi=(27)
cfn=(72)
calls=3 +34 
* 108
fe=(74)
272 3
fi=(28)
44 3
fe=(74)
274 6
+13 3
-3 3
+3 12
+2 9
+3 8
+4 6
+7 6
+1 6
-1 18
+1 6
+1 6
-2 6
+2 12
+1 18
+3 18
+5 4
-15 4
+2 4
-2 4
+2 4
-2 4
+2 8
-2 2
+2 2
-2 2
+2 2
-2 2
+2 4
+16 6
+39 36
-29 9
+3 8
+4 42
+6 42
+1 42
+1 42
-1 126
+1 42
-1 42
+1 42
+1 42
+3 126
+4 42
-14 88
+10 6
164 2
+86 2
-94 2
+94 3

fl=(1) ???
fn=(0) 0x00000000000202b0
0 2
cfi=(2)
cfn=(2) _dl_start
calls=1 527 
0 152920
0 14
cfi=(145) ./elf/./elf/dl-init.c
cfn=(476) _dl_init
calls=1 77 
0 355
0 3
cob=(5)
cfi=(151)
cfn=(510)
calls=1 0 
0 156187956

fl=(44)
fn=(132)
125 7
+1 35
+6 7
+1 7
+1 7
+1 7
+2 1
+1 1
+1 1
+65 4
+1 4
+2 4
+76 6
+1 6
+5 6
+3 6
+1 6
+3 2
+1 2
+13 2
+1 2
+2 2
+3 1
+3 2
+3 1
+1 1
+1 1
+1 1
+1 1
+1 1
+1 1
-6 27
+1 27
+1 27
+1 27
+1 27
+1 27
+1 27
+3 2
+1 2
+1 2
+1 2
+5 2

fl=(78)
fn=(278)
840 1030
+10 103
-10 206
+10 103
-10 103
+10 103
204 103
840 103
204 515
581 412
-1 206
+2 103
-1 103
+1 309
-1 309
+1 1289
-1 1289
+1 3867
-1 3867
+2 103
846 103
-4 103
+1 103
+7 103
-8 103
+1 103
+7 385
+3 103
+2 206
-2 103
+6 206
-7 618
+7 35
+1 1442
cfn=(280) do_lookup_x
calls=103 363 
* 36432
* 309
+28 103
-23 103
+23 103
-23 206
+24 560
+7 96
-7 96
+40 384
+79 192
-65 288
+3 288
-62 103
+69 927
-86 42
+18 21
+59 2

fn=(282) check_match
70 98
+3 98
-3 1176
+3 388
+13 96
-13 96
+13 96
-13 96
+13 288
+3 324
cfi=(32)
cfn=(90)
calls=33 +19 
* 1627
* 66
+4 96
+1 192
+2 188
+19 188
+1 752
-38 96
+84 576
-18 4
+2 4
+1 2
-1 4
+1 6
-1 4
+16 12
-45 282
cfi=(32)
cfn=(90)
calls=94 -9 
* 2435
* 188
-44 8
+82 4

fn=(280)
363 824
+1 103
-1 515
+48 103
-30 206
-11 103
+41 103
-30 309
+30 103
fi=(79) ./elf/../sysdeps/generic/dl-protected.h
44 309
fe=(78)
381 103
fi=(79)
44 412
fe=(78)
395 978
+4 326
+4 326
-3 326
+3 1304
+1 978
+3 326
+1 652
+7 326
-3 652
-2 326
+5 1304
+3 2282
570 690
374 652
+3 652
+4 652
+4 652
+4 652
+88 192
fi=(4)
137 192
+1 288
fe=(78)
528 192
fi=(79)
29 192
fe=(78)
535 736
+16 192
+1 96
+1 192
422 408
-1 204
+2 204
+2 1224
+13 399
-10 1145
+3 98
-1 196
+1 98
-1 98
+2 196
-1 1176
cfn=(282)
calls=98 70 
* 9490
+4 294
+3 4
573 7
+1 824
-35 24
-70 12
171 42
452 768

fl=(203)
fn=(780)
31 9
+20 3
-3 7
+3 4
+3 2
cob=(3)
cfi=(204)
cfn=(782)
calls=1 +23 
* 43
+2 1
+3 2
+2 6
+7 2
-2 1
+2 1
cfi=(49)
cfn=(468)
calls=1 -28 
* 21
+5 14
+5 1
-5 1
+5 3
+2 8
+2 8
+2 8
+1 4
+1 4
+4 4
-12 12
+14 6
+1 4
+6 5
cfi=(12)
cfn=(244)
calls=1 288 
* 300
+9 2
cob=(3)
cfi=(205)
cfn=(784)
calls=1 367 
* 34
+5 6
+2 1
+2 3
-2 3
+2 9
+3 8
+3 12
+4 2
+11 4
+1 1
+1 2
+1 5
+1 2
cob=(5)
cfi=(151)
cfn=(786)
calls=1 0 
* 92
-1 5
+5 3
+1 6
cob=(2)
cfi=(51)
cfn=(812)
calls=1 0 
* 110
cob=(2)
cfi=(51)
cfn=(808)
calls=1 0 
* 4
+6 8
cfi=(49)
cfn=(810)
calls=4 -57 
* 20
+5 4
-45 12
+49 3
cfi=(49)
cfn=(468)
calls=1 40 
* 21
* 2
-38 9
+3 2
+41 6
+6 2
+7 8
73 2

fl=(41) ./elf/./elf/dl-hwcaps_split.c
fn=(122) _dl_hwcaps_split
25 4
+1 3
+21 1
-20 1
+20 3

fn=(120) _dl_hwcaps_contains
66 6
+1 12
+1 6
+9 6

fn=(116) _dl_hwcaps_split_masked
51 55
-25 42
+4 24
+4 48
+1 12
-1 24
+2 24
+5 27
cfi=(42)
cfn=(118)
calls=9 -18 
* 216
+1 18
+3 6
+11 12
+1 12
+1 6
-1 6
+1 6
-2 6
+1 6
+1 3
-1 3
+1 27
cfn=(120)
calls=6 +8 
* 30
* 12
-3 5
+7 44
-19 6
cfi=(22)
cfn=(60)
calls=3 -2 
* 51
* 3

fl=(65) ./io/../sysdeps/unix/sysv/linux/access.c
fn=(208) access
25 1
+2 7
+4 1

fl=(55)
fn=(178)
28 13
+3 13
-3 39
+3 78
+8 91
+2 3
-2 30
+2 10

fl=(42)
fn=(118)
23 15
+1 15
+1 15
+1 15
+1 15
+1 15
+1 15
+1 15
+1 15
+1 15
+1 15
+1 15
+1 15
+1 15
+1 15
+1 15
+1 15
+1 15
+1 13
+4 13
+1 13
+1 13
+1 13
+2 13
+4 2
+1 2
+1 2
+1 2
+1 2
+1 2
+1 2
+1 2
+1 2
+1 2
+1 2
+1 2
+1 2
+1 2
+1 2
+1 2
+1 2
+1 2
+1 2
+1 2
+1 2
+1 2
+1 2
+1 2
+52 2
+4 2
+1 2
+1 2
+1 2
+2 2

fl=(52)
fn=(162)
225 10
+2 2
cob=(2)
cfi=(51)
cfn=(164)
calls=1 0 
* 2759
+1 2
+1 1
+1 1
-1 1
+1 1
+2 5

fn=(166)
175 9
+5 3
-5 9
+5 3
-2 6
+22 3
-1 3
+7 6
-6 3
+3 6
+3 3
cfi=(53)
cfn=(168)
calls=3 30 
* 72
* 12
+2 9
cfi=(66)
cfn=(214)
calls=2 61 
* 6669
cfi=(2)
cfn=(170) map_doit
calls=1 663 
* 2698
+2 3
-1 3
+1 3
-1 3
+1 6
+9 12

fn=(248) _dl_receive_error
238 6
+1 1
+1 1
+3 1
+1 1
+2 1
cfi=(2)
cfn=(250) version_check_doit
calls=1 696 
* 3512
+2 1
+1 1
+1 4

fl=(145)
fn=(476)
77 12
+1 1
+1 1
+3 3
+8 2
+25 1
+1 5
+1 2
-86 4
+86 6
-86 12
+2 20
cfn=(478) call_init.part.0
calls=3 -7 
* 193
+83 12
+7 8
-92 4
+2 6
cfn=(478)
calls=1 -7 
* 61
+52 2

fn=(478)
26 32
+13 4
-13 4
+16 4
-3 8
+3 8
+5 6
+8 9
+1 6
cob=(2)
cfi=(51)
cfn=(480)
calls=1 -56 
* 26
+3 3
+1 6
+6 2
+2 2
-2 1
+3 7
+1 4
cob=(3)
cfi=(150)
cfn=(506)
calls=1 +13 
* 12
* 4
cob=(3)
cfi=(147)
cfn=(498)
calls=1 -24 
* 74
-1 6
+3 24
-29 2

fl=(10)
fn=(24)
402 33
+3 231
+9 33
-9 126
+9 10
+17 165
+2 33
-9 23
+1 23

fn=(54)
157 15
-55 5
+55 5
-55 5
+55 5
-55 35
+9 5
+1 5
fi=(220) ./elf/./dl-tunable-types.h
-22 10
fe=(10)
+22 20
+1 40
fi=(11) ./elf/./elf/dl-tunables.h
+8 10
+1 5
fe=(10)
-6 15
fi=(11)
+15 5
fe=(10)
-12 10
+4 10
+7 10
+1 10
+3 30
+1 5
+1 5
+1 5
+24 5
fi=(11)
-30 15
fe=(10)

fn=(18)
279 9
-9 9
71 315
+6 62
-3 124
+3 5615
+4 124
+5 124
fi=(11)
+54 62
fe=(10)
-54 248
fi=(11)
+55 160
-1 126
+1 36
-1 62
+1 124
fe=(10)
320 248
-18 8680
+6 13640
fi=(11)
140 558
+1 1116
-1 21
+1 84
-1 105
fe=(10)
354 8
74 124

fl=(67)
fn=(220)
28 20
+1 40
cfi=(59)
cfn=(192)
calls=10 153 
* 98

fl=(2)
fn=(156) handle_preload_list
894 10
+5 1
-5 2
+5 2
+6 1
-64 1
+54 3
+7 3
cfi=(50)
cfn=(158)
calls=1 25 
* 233
* 1
+1 3
+9 1
191 1
914 2
191 2
916 2
-80 1
+5 5
-10 1
+8 1
-4 1
+1 1
+1 1
+4 1
cob=(2)
cfi=(51)
cfn=(160)
calls=1 0 
* 2784
+1 3
+8 3
+67 1
-18 2
+21 9
-15 4
cfi=(29)
cfn=(80)
calls=1 212 
* 19
+1 2

fn=(170)
663 2
+2 1
-2 1
+2 1
+1 2
-1 2
+1 3
cfi=(31)
cfn=(172)
calls=1 2022 
* 2683
* 1
+2 2

fn=(2)
527 10
85 1
fi=(6)
-40 1
fe=(2)
557 1
-4 1
85 2
556 1
85 1
fi=(3) ./elf/./get-dynamic-info.h
-40 1
fe=(2)
556 1
fi=(3)
45 2
+9 1
+5 1
+3 1
+2 1
+4 1
-7 1
-3 1
-3 14
+13 4
-23 16
+23 14
-23 56
+4 36
+5 20
+2 5
+3 4
fi=(4)
+21 1
fi=(3)
-8 3
+10 4
+1 4
+1 4
+1 4
+2 4
+5 4
+1 4
+1 4
+3 3
+5 2
+7 3
+1 3
+8 2
+1 2
+5 3
+3 3
fe=(2)
573 1
fi=(6)
71 1
fe=(2)
573 42
fi=(6)
414 1
fi=(5)
86 1
fe=(2)
573 2
fi=(5)
49 1
+37 1
-37 1
+37 1
+2 1
-2 1
+2 1
-2 1
+27 2
-27 1
fe=(2)
573 2
fi=(5)
49 1
+37 1
-37 1
+37 1
+2 1
-2 1
+2 1
-2 1
+27 3
+1 2
fi=(6)
534 2
fi=(5)
114 282
fi=(6)
534 282
+1 142
fi=(5)
113 142
fi=(6)
535 284
fi=(5)
113 284
+5 4
+8 7
fi=(6)
326 12
fi=(5)
126 21
+2 7
+2 7
-2 7
fi=(6)
287 7
fi=(5)
130 7
-2 7
+1 14
fi=(6)
287 14
+9 70
+3 14
+27 33
fe=(2)
573 6
fi=(5)
50 1
fi=(4)
+30 2
fi=(6)
326 2
+20 12
+1 6
fe=(2)
575 1
+13 1
cfi=(7)
cfn=(12)
calls=1 42 
* 10
+4 2
85 1
488 2
85 3
488 1
cfi=(8)
cfn=(14)
calls=1 25 
* 29
+2 2
-1 1
+1 2
+17 1
-15 1
-2 1
+17 1
-15 1
+9 1
-11 1
+17 1
cfi=(9)
cfn=(16)
calls=1 85 
* 150827
* 1
+2 2
+98 9
fi=(3)
62 4
+2 4
fe=(2)
573 3

fn=(256) init_tls
756 3
+2 1
+4 1
-4 1
+4 2
+11 1
fi=(28)
44 1
fe=(2)
768 1
+4 1
fi=(28)
44 1
cfi=(27)
cfn=(72)
calls=1 +34 
* 36
fe=(2)
783 1
-12 1
+6 1
-9 1
+11 1
+4 1
+2 3
-1 2
+3 8
+4 1
+2 1
-2 2
-5 1
-1 2
+10 3
+3 2
cfi=(47)
cfn=(258)
calls=1 97 
* 79
+3 1
cfi=(47)
cfn=(260)
calls=1 221 
* 76
+7 1
cfi=(47)
cfn=(262)
calls=1 422 
* 442
* 1
+1 2
+6 1
+3 2
-3 1
+3 6
+3 1
cfi=(24)
cfn=(264)
calls=1 68 
* 75
+1 1
+3 5
-39 3
-1 7

fn=(64)
1320 2
205 1
311 1
1320 2
2818 1
1320 3
2829 1
1320 2
2698 1
1320 2
311 1
1320 3
207 1
310 1
205 1
+99 3
1332 1
cfi=(24)
cfn=(66)
calls=1 53 
* 17
2677 3
+6 5
-4 1
+4 1
+2 3
cfi=(25)
cfn=(68)
calls=1 28 
* 57
* 4
cfi=(25)
cfn=(68)
calls=2 28 
* 370
* 9
+4 6
-2 2
+2 6
+1 2
-1 6
+1 17
-1 89
+9 12
2845 4
+32 2
1348 1
+1 2
-1 2
+1 2
2774 3
+1 3
-56 2
+7 2
1627 9
cfi=(26)
cfn=(70)
calls=1 59 
* 230
* 1
+2 2
+1 1
+6 2
-6 1
+1 2
+1 3
+4 1
cfi=(26)
cfn=(82)
calls=1 31 
* 36
+1 2
1140 1
1326 1
1169 1
-29 1
+11 1
+18 2
-21 1
+21 1
-19 1
-4 1
+23 1
-21 1
+21 2
+57 1
-83 1
+23 1
+4 1
+19 1
+22 1
+15 5
-56 116
1275 4
+2 1
1169 18
fi=(30)
105 2
fe=(2)
1282 22
+6 4
cfi=(31)
cfn=(88)
calls=1 868 
* 20
-7 26
+1 13
+6 13
-6 26
fi=(30)
212 4
+1 2
95 8
+10 2
212 1
105 1
-2 1
-3 1
+2 1
+3 1
-4 2
+92 4
-1 1
-87 3
+3 3
+1 2
+1 2
+4 3
+4 3
+3 3
+1 2
+4 1
+1 4
+58 3
+2 4
-56 4
+1 2
+3 4
+3 2
+1 8
+5 4
+2 4
+5 4
+14 2
-1 4
+2 2
fe=(2)
1174 1
-5 1
+5 2
-5 2
+30 1
-9 1
+27 1
-27 1
+2 1
-3 1
+10 2
-20 2
-10 1
+10 1
+1 9
-11 2
+57 4
-1 4
+1 8
-1 4
+2 8
+1 1
+2 12
+1 14
+4 8
+1 8
+1 4
+1 10
+1 1
+4 1
-74 1
+74 2
-74 2
+74 3
-74 3
+74 6
-74 6
fi=(30)
165 2
fe=(2)
1271 1
1169 1
1271 1
1169 2
1294 1
+3 2
+2 1
-5 2
+3 2
+2 2
+2 2
1662 3
+2 1
-1 1
+1 2
+1 2
-2 1
+2 1
-2 2
cfi=(32)
cfn=(90)
calls=1 108 
* 34
* 2
+7 1
+3 1
-5 1
+3 1
+2 1
+1 2
+4 2
+2 2
fi=(3)
39 3
+6 1
-2 1
+2 2
+9 1
+5 1
+3 1
+2 1
-3 1
-3 1
-3 17
+13 5
-23 20
+23 21
-23 84
+4 52
+5 24
+2 5
+16 3
+25 3
+5 2
+7 2
+1 3
+22 3
+5 2
+2 2
+2 2
+2 2
+1 1
+3 3
+2 3
+1 2
+9 2
+6 2
+1 2
+3 2
fe=(2)
1688 3
+7 2
cfi=(8)
cfn=(14)
calls=1 25 
* 29
+3 2
fi=(33) ./elf/./setup-vdso.h
24 2
fi=(35) ./elf/../sysdeps/unix/sysv/linux/dl-vdso-setup.h
+21 1
fe=(2)
1723 1
cfi=(13)
cfn=(100) _dl_discover_osversion
calls=1 46 
* 90
* 8
fi=(37) ./elf/./dl-main.h
109 5
cfi=(31)
cfn=(106)
calls=1 706 
* 2926
fe=(2)
1731 3
cfi=(46)
cfn=(146)
calls=1 56 
* 30
+7 1
-7 1
+2 1
+5 1
+4 1
+3 1
-3 3
+1 2
+3 1
+5 1
-7 1
+7 1
+1 3
+12 2
+1 2
+5 1
-3 2
+2 1
+1 2
+5 3
+1 5
-1 2
233 1
-1 1
+1 3
+1 2
-2 1
+2 2
1793 2
+5 1
-1 1
+1 1
+24 1
cfi=(47)
cfn=(148)
calls=1 197 
* 6
* 1
fi=(48) ./elf/../sysdeps/generic/dl-debug.h
29 3
+1 2
fe=(2)
1828 2
+1 1
cfi=(46)
cfn=(152)
calls=1 116 
* 2
+1 1
+4 3
cfi=(49)
cfn=(154)
calls=1 28 
* 16
+5 3
+2 1
+2 2
+9 2
+16 4
cfi=(65)
cfn=(208)
calls=1 25 
* 9
* 2
+76 4
+16 3
85 1
1970 1
85 2
1970 2
85 1
1970 5
cfi=(66)
cfn=(210)
calls=1 159 
* 8296
92 1
1976 1
92 2
+9 2
1976 2
+1 5
-1 4
+1 6
-1 12
+4 4
+1 3
+1 1
+2 2
+1 4
-1 9
+1 9
+12 3
+1 2
+2 1
+2 3
+2 1
-4 1
+5 1
-1 2
+14 2
+1 2
+1 3
+11 2
+2 1
-2 1
+2 2
-2 1
+1 2
+1 1
-1 2
+1 1
cfi=(52)
cfn=(248)
calls=1 238 
* 3529
+10 2
+1 2
+3 2
862 1
fi=(221) ./elf/../sysdeps/unix/sysv/linux/dl-osinfo.h
64 2
fe=(2)
864 1
+6 1
+3 1
+7 1
-5 1
2052 3
2282 3
1778 2
+6 1
-6 2
+6 1
+2 3
fi=(30)
198 4
+2 1
+1 1
+2 1
-3 3
+3 1
fi=(3)
59 4
+3 4
+2 4
fi=(34) ./elf/../sysdeps/unix/sysv/linux/dl-vdso.h
-24 1
+1 2
fe=(2)
2331 1
1325 1
2342 1
-4 2
+10 1
-6 1
+6 1
+3 2
+8 1
fi=(30)
36 1
fe=(2)
2359 1
fi=(30)
37 3
+3 1
+13 6
-13 3
+9 6
-9 1
+9 20
+4 15
-16 12
+34 3
cfi=(76)
cfn=(268)
calls=1 252 
* 30
fe=(2)
2361 2
+54 3
+3 1
85 4
2422 1
+1 19
+2 8
+5 8
+2 8
+6 4
+2 12
+1 24
cfi=(77)
cfn=(270)
calls=3 194 
* 80187
+4 10
+1 2
-23 1
+23 1
cfi=(47)
cfn=(412)
calls=1 1015 
* 28
-23 6
92 3
+1 1
2454 1
93 1
2454 1
+5 4
+2 1
+7 3
cfi=(47)
cfn=(416)
calls=1 528 
* 146
+3 2
fi=(3)
72 2
+10 3
+1 4
+1 4
+1 4
+2 4
+5 4
+1 4
+1 5
fi=(35)
-64 3
+3 1
+3 1
+3 1
fi=(34)
+16 2
fe=(2)
2434 1
+1 1
-3 2
+49 3
+2 4
+10 1
cfi=(130)
cfn=(418)
calls=1 561 
* 571
+5 2
cfi=(7)
cfn=(426)
calls=1 76 
* 2372
+3 1
cfi=(134)
cfn=(434)
calls=1 30 
* 415
85 1
2507 1
+1 3
85 3
2508 2
cfi=(77)
cfn=(270)
calls=1 194 
* 4806
92 3
+9 2
2516 3
cfi=(136)
cfn=(440)
calls=1 27 
* 1309
+7 1
cfi=(9)
cfn=(466)
calls=1 262 
* 2
+4 3
cfi=(49)
cfn=(468)
calls=1 40 
* 21
+5 2
cfi=(46)
cfn=(186)
calls=1 38 
* 7
+1 1
-1 1
+2 1
cfi=(46)
cfn=(152)
calls=1 116 
* 2
+1 1
+4 1
cfi=(68)
cfn=(470) _dl_unload_cache
calls=1 537 
* 18
+5 8
1741 4
1995 2
+50 2
cfn=(256)
calls=1 756 
* 784
* 2
2726 4
+2 2
+1 1
+46 2
+2 1
+1 1
-1 1
+1 1
+1 1
85 1
1847 1
85 2
1847 1
85 1
1847 2
cfn=(156)
calls=1 894 
* 3107
* 1
92 3
+9 3
1948 16
+1 1
-1 1
+4 3
+1 1
+1 2
+1 2
-7 2
fi=(30)
170 3
-39 2
fe=(2)

fn=(250)
696 3
+2 4
cfi=(74)
cfn=(252)
calls=1 361 
* 3501
* 2
+4 2

fl=(29)
fn=(80)
212 16
+1 16
+6 16
+1 16
+2 10
+1 10
+1 10
+2 7
+1 7
+1 7
+2 7
360 6
+1 6
+2 1
+4 1
+1 1
+1 1
+1 1
+1 1
+4 1
+2 1
+39 5
+1 5
+1 5
+1 5
+1 5
+7 3
+1 3
+1 3
+1 3
+1 3
+1 3
+1 3
+11 3
+1 3
+2 3
+1 3
+1 3

fn=(128)
199 32
+1 32
+1 32
+1 32
+17 32
+1 32
+2 6
+1 6
+1 6
+2 5
+1 5
+1 5
+2 5
360 26
+1 26
+2 8
+4 8
+1 3
+1 3
+1 2
+1 2
+1 2
+1 2
+2 2
+2 3
+6 5
+1 5
+1 5
+1 5
+1 5
+29 18
+1 18
+1 18
+1 18
+1 18
+7 1
+1 1
+1 1
+1 1
+1 1
+1 1
+1 1
+11 1
+1 1
+2 1
+1 1
+1 1

fl=(68)
fn=(230) _dl_cache_libcmp
370 10
+1 10
+32 10
-33 20
+1 22
+2 50
+2 50
-2 100
+20 98
+2 98
-12 40
+2 40
+14 40
+1 40
-29 80
+32 3
-28 2
+8 1
-2 2
+1 2
-1 1
+2 3
+2 1
-3 1
+3 3
+2 2
+9 27

fn=(470)
537 1
+1 4
-1 1
+3 2
cfi=(128)
cfn=(472) munmap
calls=1 117 
* 6
+1 1
+4 1
+2 2

fn=(222)
416 10
+2 2
+3 3
+74 1
208 1
495 2
+3 3
fi=(70) ./elf/../sysdeps/x86/dl-procinfo.h
39 2
+3 3
cfi=(32)
cfn=(90)
calls=1 +66 
* 25
* 4
fe=(68)
212 6
cfi=(10)
cfn=(24)
calls=1 402 
* 21
* 1
+16 2
-16 1
+6 2
+10 1
-7 5
+9 3
+1 1
-37 2
+37 1
+4 2
-5 24
+1 8
-37 16
+37 8
+4 16
+4 27
cfn=(230)
calls=9 370 
* 682
+1 18
359 8
+3 2
228 2
360 7
228 17
+2 5
+20 2
+3 2
+2 4
cfn=(230)
calls=1 370 
* 74
* 2
-7 2
-30 2
+1 1
+95 1
-95 1
-1 8
+96 3
-47 2
+10 2
+1 3
fi=(69) ./elf/../sysdeps/generic/dl-cache.h
125 5
fe=(68)
294 2
+9 2
+3 2
+2 3
+1 2
+5 2
+1 4
+7 2
+21 4
513 2
+12 2
cfi=(22)
cfn=(60)
calls=1 41 
* 35
* 12
+1 1
-1 1
+1 1
-1 1
+1 1
cfi=(29)
cfn=(80)
calls=1 212 
* 11
* 1
+1 1
cfi=(45)
cfn=(140)
calls=1 40 
* 89
+1 8
-3 2
424 4
cfi=(54)
cfn=(224) _dl_sysdep_read_whole_file
calls=1 36 
* 91
* 1
+8 5
+1 8
+3 4
+1 1
-1 3
fi=(69)
194 1
+1 5
fe=(68)
444 1
+1 2

fl=(56)
fn=(180)
25 2
+1 8
+1 2

fl=(58)
fn=(190)
29 6
+1 6
+5 9
cfi=(59)
cfn=(192)
calls=3 153 
* 24

fl=(128)
fn=(472)
117 5
+5 1

fn=(410)
117 20
+5 4

fl=(13)
fn=(100)
46 5
+2 3
+85 5
-45 2
cfi=(36)
cfn=(102)
calls=1 +32 
* 6
+15 1
-15 2
+20 1
-1 1
+3 12
+4 3
-2 6
+2 10
+3 1
-1 1
+1 3
-3 4
+7 3
-1 3
+4 3
-2 3
+2 10
+5 2

fl=(38)
fn=(108)
175 5
+1 1
-1 6
+1 1
-1 1
+1 1
-1 1
+1 1
-1 1
+1 2
cfi=(10)
cfn=(24)
calls=1 402 
* 21
* 1
+2 2
+1 3
+26 2
-26 1
+25 1
cfi=(39)
cfn=(110)
calls=1 29 
* 47
fi=(40) ./elf/./dl-hwcaps.h
54 1
fe=(38)
205 1
-1 1
fi=(40)
56 1
+32 1
+1 1
+1 1
fe=(38)
-35 2
cfi=(41)
cfn=(116)
calls=1 -4 
* 13
* 2
fi=(40)
-1 1
+2 2
-2 1
+34 2
+1 2
+1 1
fe=(38)
-32 2
-1 2
+1 2
+1 2
-1 2
-3 4
cfi=(41)
cfn=(116)
calls=2 -4 
* 114
* 2
cfi=(41)
cfn=(116)
calls=1 -4 
* 122
* 6
+48 5
fi=(28)
-47 1
cfi=(27)
cfn=(76)
calls=1 -21 
* 25
fe=(38)
+47 1
+2 2
+3 2
fi=(40)
-52 1
fe=(38)
+55 1
-3 1
fi=(40)
-54 2
+3 1
fe=(38)
+58 2
cfi=(41)
cfn=(122)
calls=1 -90 
* 12
* 2
fi=(40)
-61 1
+2 2
-2 1
+34 2
+1 2
+1 1
fe=(38)
+40 4
+1 2
-1 6
+2 2
+1 2
-2 6
-3 4
cfi=(41)
cfn=(116)
calls=2 -77 
* 114
* 2
cfi=(41)
cfn=(116)
calls=1 -77 
* 122
* 6
+8 2
+9 1
-15 1
+15 2
-15 1
+15 8
+9 2
+4 7
cfi=(43)
cfn=(124)
calls=1 22 
* 41
+1 2
+1 1
+4 1
+1 2
+1 1
-20 2
+19 1
+1 1
-20 2
-1 4
+70 1
+1 1
+4 1
-5 2
+1 4
+4 2
-4 1
+4 4
+1 1
-1 1
+1 2
+1 2
-2 5
+1 1
-1 1
+1 2
+1 2
-2 5
+5 1
+3 2
-3 2
+3 15
+7 1
-7 2
+2 3
+1 4
+2 1
fi=(222) ./elf/../sysdeps/x86/dl-hwcap.h
57 1
fe=(38)
233 2
fi=(222)
57 1
fe=(38)
233 2
fi=(222)
57 1
fe=(38)
233 1
+1 1
cfi=(22)
cfn=(60)
calls=1 41 
* 17
+1 1
+1 1
-6 1
+4 1
+1 1
-5 1
+5 1
+1 1
-1 2
-5 4
+10 3
-2 3
+2 1
+1 1
+1 1
-1 1
+4 4
+1 1
-1 1
+4 2
+4 1
-1 1
+1 4
-1 2
+4 3
+1 3
+19 10
+6 2
fi=(28)
56 1
cfi=(27)
cfn=(76)
calls=1 -21 
* 25
* 1
fe=(38)
283 2
+8 1
fi=(40)
54 1
+2 1
+34 1
-2 2
fe=(38)
-5 1
291 1
fi=(40)
54 1
+35 1
fe=(38)
291 1
fi=(40)
90 1
fe=(38)
-10 2
cfi=(41)
cfn=(116)
calls=1 -29 
* 13
* 2
fi=(40)
-26 2
+2 1
fe=(38)
+27 1
fi=(40)
-29 1
+34 2
+1 2
+1 1
fe=(38)
-8 2
+1 4
+7 2
-7 10
cfi=(29)
cfn=(128)
calls=2 199 
* 26
+4 2
+2 2
+2 2
-2 4
-9 4
cfi=(41)
cfn=(116)
calls=2 -29 
* 114
* 2
cfi=(41)
cfn=(116)
calls=1 -29 
* 122
* 6
304 1
+2 1
-2 1
-48 2
+72 1
-72 1
376 2
+13 2
-58 1
+45 1
+13 1
-58 1
-75 1
+82 1
+10 2
-92 1
+88 1
+4 3
-4 1
+3 7
-3 2
-3 1
+3 1
cfi=(29)
cfn=(128)
calls=1 199 
* 18
* 2
-3 1
+3 1
cfi=(29)
cfn=(128)
calls=1 199 
* 18
* 2
+3 2
-3 4
+3 5
+1 12
+1 2
-2 1
+2 1
cfi=(29)
cfn=(128)
calls=1 199 
* 15
* 2
-2 2
+5 8
cfi=(29)
cfn=(128)
calls=2 199 
* 30
* 4
+2 5
+5 6
+1 1
-1 3
+1 7
-1 25
+5 11
+4 1
-1 1
+1 2
-4 12
+4 2
-1 2
+1 13
-1 9
+1 18
+1 24
-1 12
-1 12
+2 24
-1 24
-1 24
+4 9
+3 1
+2 2
-1 1
-1 1
+2 1
-2 1
+2 2
-1 1
+1 2
+2 6
+1 2
+3 2
-6 2
+6 3
+7 8
+1 1
-1 2
+3 2
-3 3
+1 3
-1 6
+3 6
+3 4
-80 2
+86 9
-20 1
+1 2
-6 3
259 2
+1 2
+1 4
-1 3
+12 4
-44 2
+34 4
-2 3

fl=(72)
fn=(238)
30 20
+4 2
+1 4
+11 2
-1 4
+18 8

fl=(54)
fn=(224)
36 2
+3 1
-3 6
+3 1
-3 1
+3 1
cfi=(55)
cfn=(178)
calls=1 -11 
* 19
+1 2
+23 7
-21 4
cfi=(58)
cfn=(190)
calls=1 -13 
* 15
* 2
+2 2
+3 2
+13 2
cfi=(64)
cfn=(204)
calls=1 -35 
* 6
* 1
-11 6
cfi=(60)
cfn=(194)
calls=1 -2 
* 9
* 2

fn=(174)
68 84
+1 28
cfi=(32)
cfn=(90)
calls=14 +39 
* 500
* 28
+3 14
+2 28
+6 15
-6 30
+1 54
cfi=(32)
cfn=(90)
calls=18 +33 
* 728
* 36
+8 3
-13 3
+13 20
-1 11
+1 33

ob=(4)
fl=(146)
fn=(492)
0 5

fn=(484)
0 12

fn=(814)
0 11
cob=(2)
cfi=(51)
cfn=(820)
calls=1 0 
0 74
0 10
cfn=(826) 0x0000000000001070
calls=1 0 
0 5
0 5

fn=(826)
0 5

totals: 156341250
